# log10(M200c)[Msun] log10(<sigmaDM>)[km/s] log10(sigmaDM)+ log10(sigmaDM)- log10(sigmaDM)++ log10(sigmaDM)-- log10(sigmaDM)+++ log10(sigmaDM)--- <slope> slope+ slope- slope++ slope-- slope+++ slope--- <scatter>[ln] scatter+ scatter- scatter++ scatter-- scatter+++ scatter---
6.634019100000000668e-02 1.350000000000000000e+01 2.487246097045736182e+00 2.487423320938209503e+00 2.487068045242191605e+00 2.487584243591991484e+00 2.486890698754288920e+00 2.487795853175461147e+00 2.486688300820681707e+00 3.264618963649033034e-01 3.270736060748257179e-01 3.259252555961065223e-01 3.277093779776182325e-01 3.253763582056529158e-01 3.282149970730202648e-01 3.247952158836012737e-01 4.056191345500047979e-02 4.104872963752808496e-02 4.007869001826312033e-02 4.154895315080216200e-02 3.958391700096704213e-02 4.198051313657766292e-02 3.916303551652122045e-02
6.634019100000000668e-02 1.359999999999999964e+01 2.520009700465070779e+00 2.520215566980089861e+00 2.519811703340361309e+00 2.520425220521353982e+00 2.519600180916091059e+00 2.520666356120943696e+00 2.519358062229260398e+00 3.270821555172833683e-01 3.276054426354583216e-01 3.265308332625621035e-01 3.281667798574932626e-01 3.259308435921182134e-01 3.285821752056831135e-01 3.254362932095951066e-01 4.045695841531627562e-02 4.090497314290237468e-02 3.997111401800407249e-02 4.140329681388306426e-02 3.956370002227123372e-02 4.203485824225106776e-02 3.914901097580641282e-02
6.634019100000000668e-02 1.369999999999999929e+01 2.552856347617682431e+00 2.553093887106162363e+00 2.552646283522632231e+00 2.553318141278360986e+00 2.552393846388251397e+00 2.553535292352512975e+00 2.552137340088556527e+00 3.277223073666464259e-01 3.282668227463189092e-01 3.271586082519928884e-01 3.287656075624878493e-01 3.266497385257760566e-01 3.293828306405846562e-01 3.259362201772985079e-01 4.032982273780863491e-02 4.078120392715180176e-02 3.987283581843050623e-02 4.128795436476351971e-02 3.944343788143932911e-02 4.165574305047645143e-02 3.877124585794598788e-02
6.634019100000000668e-02 1.379999999999999893e+01 2.585819932736770355e+00 2.586092817364406660e+00 2.585529784779089457e+00 2.586326720539120050e+00 2.585259629584854668e+00 2.586552228060804648e+00 2.585099788805490739e+00 3.284308332296557165e-01 3.290341444348981459e-01 3.278134985638508914e-01 3.296471996133296112e-01 3.272713834439844871e-01 3.301655471166737854e-01 3.266184172109151684e-01 4.024382575167846643e-02 4.077442625194246939e-02 3.971908001398504612e-02 4.126309586752094360e-02 3.931329737511453370e-02 4.173263273139476287e-02 3.885597815904340280e-02
6.634019100000000668e-02 1.389999999999999858e+01 2.618888993992478653e+00 2.619204070630320569e+00 2.618558260668448767e+00 2.619489022045665472e+00 2.618267208831872139e+00 2.619787525945073803e+00 2.617976918625952720e+00 3.292410801976639600e-01 3.298588391433354139e-01 3.285792617833361851e-01 3.305617865331220151e-01 3.279522558602360194e-01 3.310418432363342878e-01 3.270844658544109773e-01 4.017793099472840440e-02 4.075905711689765260e-02 3.961711618627267173e-02 4.122268888059739400e-02 3.910480552474531607e-02 4.187128053196229743e-02 3.852495568584452662e-02
6.634019100000000668e-02 1.399999999999999822e+01 2.652068237002969120e+00 2.652443846281785866e+00 2.651721296363440228e+00 2.652747907279058293e+00 2.651348886913897474e+00 2.653006320922405070e+00 2.651031237767969451e+00 3.301620710853306884e-01 3.308845129741814772e-01 3.294403861525510568e-01 3.315347480104865463e-01 3.286758642773242034e-01 3.321175999381889010e-01 3.280756207275991043e-01 4.003540984550821996e-02 4.068309480671614825e-02 3.946066967241951967e-02 4.122269943706176332e-02 3.892672081763493691e-02 4.167005757292380208e-02 3.862153310474455287e-02
6.634019100000000668e-02 1.409999999999999787e+01 2.685354919950403207e+00 2.685798618630775625e+00 2.684940997915488570e+00 2.686221875642889945e+00 2.684519645109144648e+00 2.686590338023037816e+00 2.684265095985879590e+00 3.311317406965673671e-01 3.319160781048021702e-01 3.303280878809878862e-01 3.328150136144693017e-01 3.294175515952487143e-01 3.335681969503304645e-01 3.284853261293952942e-01 4.001021715586750710e-02 4.062052846230766040e-02 3.938099742943350356e-02 4.120335689837168608e-02 3.877694949802893559e-02 4.167792761495558301e-02 3.826626199813137896e-02
6.634019100000000668e-02 1.419999999999999751e+01 2.718814213423017545e+00 2.719356212326499378e+00 2.718301155547915293e+00 2.719758930107439188e+00 2.717826614872062230e+00 2.720169704284490564e+00 2.717267144548910718e+00 3.322159394754453654e-01 3.331548628782449728e-01 3.312178664251750337e-01 3.341290686739336047e-01 3.303404903478338595e-01 3.350800883410079978e-01 3.294732094533938671e-01 3.987845991998524575e-02 4.055078756584187816e-02 3.923612645861176279e-02 4.123952576889592520e-02 3.855521818664011530e-02 4.169485989489240402e-02 3.802033943211637762e-02
6.634019100000000668e-02 1.429999999999999716e+01 2.752433125834997441e+00 2.752988308038040177e+00 2.751832970274700862e+00 2.753569388610050517e+00 2.751135386715052977e+00 2.754168471882841640e+00 2.750706748394125434e+00 3.333939956702478002e-01 3.345205959167381615e-01 3.322470512627501704e-01 3.354729323715929801e-01 3.311022482798631206e-01 3.362870885567337265e-01 3.301638442873570112e-01 3.975572620897237230e-02 4.055510386883606766e-02 3.904175130565266938e-02 4.124884284676252899e-02 3.818705119149915644e-02 4.186835576466935854e-02 3.778502730779888935e-02
6.634019100000000668e-02 1.439999999999999680e+01 2.786099160999115920e+00 2.786817437615731752e+00 2.785418090440551886e+00 2.787539714790379097e+00 2.784729876026386108e+00 2.788132169718523290e+00 2.784101572066299823e+00 3.344070216586572108e-01 3.356996709415477897e-01 3.331179198427691723e-01 3.372079168028726537e-01 3.318019168802510133e-01 3.384112178651795810e-01 3.307717773957995488e-01 3.959681379314113070e-02 4.046875928713990905e-02 3.877065267102273310e-02 4.135531858944638955e-02 3.795074289396269118e-02 4.226433815016312351e-02 3.699379482470922104e-02
6.634019100000000668e-02 1.449999999999999645e+01 2.819928916821538234e+00 2.820754421358447228e+00 2.819086502914850634e+00 2.821714314382155031e+00 2.818245875738311312e+00 2.822460984511559801e+00 2.817572802020505307e+00 3.355310356875129130e-01 3.369399056284245741e-01 3.339818683691049839e-01 3.386423788868080931e-01 3.323995529327531950e-01 3.400937261874179551e-01 3.310882341403955653e-01 3.937133264343053302e-02 4.020943845667021566e-02 3.848965570160244737e-02 4.111585980034123539e-02 3.752886888672177929e-02 4.249661948369648501e-02 3.691692835755020635e-02
6.634019100000000668e-02 1.459999999999999609e+01 2.853881079918128005e+00 2.854867837239254857e+00 2.852876697254600025e+00 2.855792419037019858e+00 2.852063592386974822e+00 2.856948234078413140e+00 2.851259534178214761e+00 3.365660298466909284e-01 3.383371920657095577e-01 3.347977497076915498e-01 3.401759951088529910e-01 3.331924402521813655e-01 3.420942787014721320e-01 3.315081265155513934e-01 3.907053283155750151e-02 4.003030302949537461e-02 3.819865532772788452e-02 4.108904352860769799e-02 3.718414653684316146e-02 4.162625606569936992e-02 3.606369532386177745e-02
6.634019100000000668e-02 1.469999999999999574e+01 2.887959261730623339e+00 2.889252736623549644e+00 2.886623329950249506e+00 2.890425944627034394e+00 2.885523412671990418e+00 2.891590211782053110e+00 2.883948111627582023e+00 3.376993860054720575e-01 3.399913527917834966e-01 3.354991711675046617e-01 3.420276442452325760e-01 3.333843677001157024e-01 3.435415992170490207e-01 3.314269632531336440e-01 3.872968517515822801e-02 3.982170721661473789e-02 3.766502299104137336e-02 4.103487802600550016e-02 3.644878039289654176e-02 4.212085758318243750e-02 3.549277683672912714e-02
6.634019100000000668e-02 1.479999999999999538e+01 2.922405268723036187e+00 2.923964283307667777e+00 2.920861881234212198e+00 2.925499349437302943e+00 2.919366597864130775e+00 2.927647410047653942e+00 2.918321932076311853e+00 3.392408899182311477e-01 3.420988088984873166e-01 3.366717361526765373e-01 3.444098015329644102e-01 3.339763639104342263e-01 3.481395812860556549e-01 3.314685067233271720e-01 3.840005903658272324e-02 3.965568715393252841e-02 3.718804706548656941e-02 4.076604675940773831e-02 3.595820414440106111e-02 4.172672443725598118e-02 3.426809804128590903e-02
6.634019100000000668e-02 1.489999999999999503e+01 2.956789693867673208e+00 2.958888912131043547e+00 2.954932913834302788e+00 2.960912879227911798e+00 2.953182448322986264e+00 2.962759796179782690e+00 2.951972438817335842e+00 3.406961786552515914e-01 3.441019027120414409e-01 3.374123562749307137e-01 3.476185709681738345e-01 3.341121392274296054e-01 3.505673428436317796e-01 3.320211823948666652e-01 3.797123710325963492e-02 3.944297415684116376e-02 3.662314066788703582e-02 4.061903833392187940e-02 3.544061517884760509e-02 4.210760797611096812e-02 3.404377575014250201e-02
6.634019100000000668e-02 1.499999999999999467e+01 2.991721873666095544e+00 2.994281825359538463e+00 2.989237092323716372e+00 2.996449636967409624e+00 2.986433715275728318e+00 2.999339695169060960e+00 2.983749739936014223e+00 3.425602163104833897e-01 3.464564589380949022e-01 3.382653247921775241e-01 3.502301113470853156e-01 3.340207749452411834e-01 3.552854293801606111e-01 3.294478244977090409e-01 3.762226722555921804e-02 3.934780566602900931e-02 3.599701608507433620e-02 4.119737115648069298e-02 3.418189159321241566e-02 4.239716868020404483e-02 3.254177189674267029e-02
6.634019100000000668e-02 1.509999999999999432e+01 3.026894312415338018e+00 3.029902148989519262e+00 3.023562657732467240e+00 3.032997967692470542e+00 3.019913370634300431e+00 3.037119191127721329e+00 3.016987077673115358e+00 3.444408407529536698e-01 3.488721791782830595e-01 3.394732032888138629e-01 3.535927109526051382e-01 3.334368586276361124e-01 3.594697004553624176e-01 3.285631544032570073e-01 3.727457700400262780e-02 3.934543872914343654e-02 3.515991472296501469e-02 4.141467403632721755e-02 3.309870170792408861e-02 4.347391960183301374e-02 3.144393820239929638e-02
6.634019100000000668e-02 1.519999999999999396e+01 3.062226032298823952e+00 3.065845480458772698e+00 3.058418990012301553e+00 3.069747154678260870e+00 3.054024000682983520e+00 3.072375160153676621e+00 3.049061120466327601e+00 3.463084451547415732e-01 3.512717167732650192e-01 3.406645091653581203e-01 3.566692861671231229e-01 3.340513613202386045e-01 3.610317848595547829e-01 3.253228021016147387e-01 3.685888605119155143e-02 3.953123340135221431e-02 3.435166524405487698e-02 4.170838731013175316e-02 3.217316140538945685e-02 4.414915140775074742e-02 2.955234066363946269e-02
6.634019100000000668e-02 1.529999999999999361e+01 3.098103683278182530e+00 3.101932961315377657e+00 3.093650773253065367e+00 3.105593201083708621e+00 3.088315709092624317e+00 3.110874222375042741e+00 3.082558133463077610e+00 3.484298904813648567e-01 3.533482337028188147e-01 3.425651330579131959e-01 3.581215097670379377e-01 3.352230631140847295e-01 3.668800520390285147e-01 3.271410216484456623e-01 3.628054988188159774e-02 3.924907930362565162e-02 3.327816681515765457e-02 4.180821193663951385e-02 3.062366966972812979e-02 4.378247168816125356e-02 2.777390688006762046e-02
6.634019100000000668e-02 1.539999999999999325e+01 3.134100159449411560e+00 3.138020997736503226e+00 3.129599420928429243e+00 3.141875498804979294e+00 3.121812347326210713e+00 3.146290551913850209e+00 3.111303550346630864e+00 3.506182173640982058e-01 3.554255045949709091e-01 3.447949798290837475e-01 3.602804424719537879e-01 3.358635732708315502e-01 3.644462944727627773e-01 3.199631556021058643e-01 3.548051177945335533e-02 3.912334009571596244e-02 3.170723381676672503e-02 4.224957063930326329e-02 2.811773280280390960e-02 4.550791389642276641e-02 2.424984722281952471e-02
4.701940800000000142e-01 1.350000000000000000e+01 2.519357143500954077e+00 2.519564244026620159e+00 2.519156547917940525e+00 2.519751345041377988e+00 2.518954706619054296e+00 2.519895515327790214e+00 2.518800838674942533e+00 3.290509194854828179e-01 3.297620089627599227e-01 3.283835019648094211e-01 3.304468657730927905e-01 3.279158502498011885e-01 3.311851503892502269e-01 3.274026553618042401e-01 4.309435417157550519e-02 4.350270672016921109e-02 4.270229405068872580e-02 4.391179669985058320e-02 4.228776509904767777e-02 4.423530974591825815e-02 4.198549500801131845e-02
4.701940800000000142e-01 1.359999999999999964e+01 2.552404054894396257e+00 2.552643126491213721e+00 2.552164814668645310e+00 2.552874569064220278e+00 2.551927329449179105e+00 2.553106387585589943e+00 2.551765270080843528e+00 3.297725591103221054e-01 3.303984651033251563e-01 3.290936563907281842e-01 3.310420096988097582e-01 3.284756065501330258e-01 3.316343179787356599e-01 3.279771176227826990e-01 4.289873193495136183e-02 4.329637263156264904e-02 4.252862530540814368e-02 4.372429108494196859e-02 4.215642357975014215e-02 4.413265533413571889e-02 4.160187247946588868e-02
4.701940800000000142e-01 1.369999999999999929e+01 2.585562970423407769e+00 2.585825455985254706e+00 2.585279410190337579e+00 2.586099028810599165e+00 2.585003752708213476e+00 2.586364032436783145e+00 2.584787665301805148e+00 3.304563091301703781e-01 3.311121592953409909e-01 3.297399764976183811e-01 3.316839942003244057e-01 3.291461971315825519e-01 3.324614019922976782e-01 3.287251084339284923e-01 4.274208670364583462e-02 4.315330329411250221e-02 4.231504255540578796e-02 4.358860134388529289e-02 4.195872357792709839e-02 4.386095529094723167e-02 4.157908310131352980e-02
4.701940800000000142e-01 1.379999999999999893e+01 2.618742092655119258e+00 2.619067186139319769e+00 2.618428105595655087e+00 2.619374721167765152e+00 2.618136565041047525e+00 2.619656351662272620e+00 2.617888689924636303e+00 3.309511676555724757e-01 3.316663164420022847e-01 3.302248236754194988e-01 3.324074112761463140e-01 3.295210066772943369e-01 3.329876522380412762e-01 3.289278791630099175e-01 4.252955888097199877e-02 4.300248491620502211e-02 4.208551804125078982e-02 4.341599134105605939e-02 4.170030104839933527e-02 4.379174181707617269e-02 4.116964667818381191e-02
4.701940800000000142e-01 1.389999999999999858e+01 2.651974878106774014e+00 2.652390444702789285e+00 2.651593623301444769e+00 2.652701918578094897e+00 2.651218205294624930e+00 2.653000288196768253e+00 2.650821553857295232e+00 3.314327514423334176e-01 3.322325452159648473e-01 3.306527010577945402e-01 3.329840753810106024e-01 3.298824599037326610e-01 3.335794775484796082e-01 3.293816156621229840e-01 4.227494866673996154e-02 4.277664004435541290e-02 4.178781887418853147e-02 4.327798889054255971e-02 4.131678523531465141e-02 4.389283956518690716e-02 4.087834976234797774e-02
4.701940800000000142e-01 1.399999999999999822e+01 2.685236348599099987e+00 2.685687854730429258e+00 2.684765527051062417e+00 2.686135014272148069e+00 2.684266503887060118e+00 2.686583835261829645e+00 2.683791254236760793e+00 3.317716697199021292e-01 3.326661045815585416e-01 3.308525944848327294e-01 3.333593957569913613e-01 3.299221696650833091e-01 3.341013671970499699e-01 3.291097805592712588e-01 4.201287185933413881e-02 4.252788140748304385e-02 4.148528400300713348e-02 4.304464364590721015e-02 4.096615319999706573e-02 4.364335179344583371e-02 4.052629122809797702e-02
4.701940800000000142e-01 1.409999999999999787e+01 2.718553193020366798e+00 2.719082743539843250e+00 2.718022856542170906e+00 2.719609226340267139e+00 2.717597888898187541e+00 2.720254377850726879e+00 2.717208574088707973e+00 3.321898209986910988e-01 3.331835025584927168e-01 3.312209299043095689e-01 3.342452313625436378e-01 3.303711987351442558e-01 3.353006887246778867e-01 3.296687928618425856e-01 4.168552353801966565e-02 4.230120441936777165e-02 4.109752712399682845e-02 4.279716496583387680e-02 4.048616082018802881e-02 4.330925574553898261e-02 3.980908714831524198e-02
4.701940800000000142e-01 1.419999999999999751e+01 2.751909103099426268e+00 2.752551793793211132e+00 2.751241860303665465e+00 2.753200203752478981e+00 2.750634481739873127e+00 2.753671952521366428e+00 2.750214080110719550e+00 3.325589589914371702e-01 3.337484214197518062e-01 3.313965144728587275e-01 3.349166825703417394e-01 3.302299614083037960e-01 3.358064479183090478e-01 3.295108004422954706e-01 4.136408503088572636e-02 4.200564432257435088e-02 4.062300955024900767e-02 4.264308746218727769e-02 4.007687508479879784e-02 4.326010171171978252e-02 3.926423088992947452e-02
4.701940800000000142e-01 1.429999999999999716e+01 2.785297952007018019e+00 2.786112812688561480e+00 2.784528320583232741e+00 2.786869898615622620e+00 2.783746742035027921e+00 2.787490010322955847e+00 2.783314914513654426e+00 3.329406620179258258e-01 3.343751620993220541e-01 3.315865473949092257e-01 3.357439288698255697e-01 3.301325684667847926e-01 3.367687379644538348e-01 3.291122807192903288e-01 4.103515266268226852e-02 4.181830860910118464e-02 4.038327561449901043e-02 4.250246826888303547e-02 3.967532447736195345e-02 4.362315353913663596e-02 3.891529916728952987e-02
4.701940800000000142e-01 1.439999999999999680e+01 2.818635676667279988e+00 2.819592484777913910e+00 2.817693204281592756e+00 2.820631088871241143e+00 2.816762865250861836e+00 2.821341176669142747e+00 2.815865891535105803e+00 3.332019983873259483e-01 3.348914180087838588e-01 3.314364652663833732e-01 3.365491166345883634e-01 3.299627663717323856e-01 3.380581010486837790e-01 3.283033417202653181e-01 4.076230209167157337e-02 4.166359042259793616e-02 3.992434548286120932e-02 4.254523122879157182e-02 3.906241303237160956e-02 4.379411384988030065e-02 3.819135738128277141e-02
4.701940800000000142e-01 1.449999999999999645e+01 2.852131154481382325e+00 2.853332143144301281e+00 2.850944154136310527e+00 2.854536109297241886e+00 2.849674555845896240e+00 2.855400475311953290e+00 2.848144347080490579e+00 3.333457415377011346e-01 3.355550200178751830e-01 3.314209864839542385e-01 3.373493353635350078e-01 3.292431434416236979e-01 3.389001317779510303e-01 3.272479641236123449e-01 4.051877771959463276e-02 4.148783271528298094e-02 3.958051145234148943e-02 4.263057753207113998e-02 3.864385044105229927e-02 4.348724601842150761e-02 3.786951287742677807e-02
4.701940800000000142e-01 1.459999999999999609e+01 2.885253373115881814e+00 2.886748180431806698e+00 2.883747908839880303e+00 2.888552716878848514e+00 2.882298628215724356e+00 2.889966782627559461e+00 2.881329713133524706e+00 3.329435334800083801e-01 3.355095616366141065e-01 3.304920653932023611e-01 3.385531410713058520e-01 3.281390671219548416e-01 3.417963912833490436e-01 3.262956834835061826e-01 4.028102960948237027e-02 4.144830361989172707e-02 3.922359806547159877e-02 4.257025500167328780e-02 3.821204270238053036e-02 4.422944528800196867e-02 3.739359828756212006e-02
4.701940800000000142e-01 1.469999999999999574e+01 2.918256439948615721e+00 2.920221318101817065e+00 2.916279741134398584e+00 2.922123564745473523e+00 2.914522495106798505e+00 2.923570064099265231e+00 2.913390291358120443e+00 3.323655699883991677e-01 3.355945657319350239e-01 3.290610741443506515e-01 3.391014579624135883e-01 3.262843880580332256e-01 3.416440879655975871e-01 3.244604842199614314e-01 3.997140157824508738e-02 4.143184150870385385e-02 3.863976219362765668e-02 4.286779186686479060e-02 3.740755015384001486e-02 4.396718582213868243e-02 3.596010567751862369e-02
4.701940800000000142e-01 1.479999999999999538e+01 2.951363876313488177e+00 2.953819148838781938e+00 2.948960097352901766e+00 2.956348109178070782e+00 2.946338366212540638e+00 2.958798189160646963e+00 2.944263541620806723e+00 3.321043580239823600e-01 3.358625239594791867e-01 3.280371531784488370e-01 3.395993568661951345e-01 3.245130117457679098e-01 3.431511113065943697e-01 3.202635647062053170e-01 3.975733466023062546e-02 4.133495916203160786e-02 3.812116630382415827e-02 4.283419903591991623e-02 3.672886900474266886e-02 4.412474857499742303e-02 3.550502811820212962e-02
4.701940800000000142e-01 1.489999999999999503e+01 2.984333000131377478e+00 2.987726844214687372e+00 2.981166582219090699e+00 2.990752749183079651e+00 2.978018969028155105e+00 2.994732743434568523e+00 2.975710922307149175e+00 3.317951642886100005e-01 3.366812488423017724e-01 3.268100050978556825e-01 3.414944665696722503e-01 3.229380682620666132e-01 3.478487416543966648e-01 3.194465424599002290e-01 3.945965061014763964e-02 4.136466591421190941e-02 3.757926649034584732e-02 4.348263407889416815e-02 3.596315637024606604e-02 4.531937318184771357e-02 3.410133145667886001e-02
4.701940800000000142e-01 1.499999999999999467e+01 3.017990382010217854e+00 3.022630923983687268e+00 3.013570541608332931e+00 3.026822515479353992e+00 3.009471118012678748e+00 3.031812865996689865e+00 3.005529679453566416e+00 3.328501419556582630e-01 3.399013913641708018e-01 3.257397555609015671e-01 3.456252646060184452e-01 3.193241768029113081e-01 3.524350865653929077e-01 3.151019842702242890e-01 3.957220302195724182e-02 4.181159291733080319e-02 3.743756913037367406e-02 4.378486573090736161e-02 3.538376224880416393e-02 4.739221975544293669e-02 3.318026298434013227e-02
4.701940800000000142e-01 1.509999999999999432e+01 3.053785886582279119e+00 3.060170213054910437e+00 3.045814769736590488e+00 3.065671751972252945e+00 3.039571032617331081e+00 3.071454447017229139e+00 3.036184325446782406e+00 3.371714170736894167e-01 3.467997010377066869e-01 3.245499285784292365e-01 3.542028476467781184e-01 3.165048599109447358e-01 3.611021311466722228e-01 3.114281504375931986e-01 3.931872810909178839e-02 4.205282267358875781e-02 3.650727034263373527e-02 4.482713468065100543e-02 3.332813139412662412e-02 4.739469217110650612e-02 3.121402076038739051e-02
4.701940800000000142e-01 1.519999999999999396e+01 3.092119696876483026e+00 3.100085815037674219e+00 3.076289980243826161e+00 3.104683155032062380e+00 3.069224506612130199e+00 3.108780080371834842e+00 3.063906567666180969e+00 3.450728526075138580e-01 3.564398143498223592e-01 3.211022536891816603e-01 3.629622200977397073e-01 3.128068849795765383e-01 3.659454043379920529e-01 3.068572484196305794e-01 3.909783846535581919e-02 4.201177871176960121e-02 3.598309190912357680e-02 4.499760814576766327e-02 3.196111823470715319e-02 4.827113307374748113e-02 2.778710274004287176e-02
4.701940800000000142e-01 1.529999999999999361e+01 3.131683177010528230e+00 3.139845091390494503e+00 3.106525263099760625e+00 3.144435006603995220e+00 3.098805573246051992e+00 3.145994800863348928e+00 3.091394585033873099e+00 3.544194252467796624e-01 3.643303759529593067e-01 3.185993277623911379e-01 3.694541431692925926e-01 3.099410259680043800e-01 3.734187370099180669e-01 3.018418042558093650e-01 3.803524130382118090e-02 4.136115496655342477e-02 3.428045295208669019e-02 4.482674323229506735e-02 3.027819225346529627e-02 4.889115383585673075e-02 2.767202595615811736e-02
1.043339500000000086e+00 1.350000000000000000e+01 2.570794372878547840e+00 2.571081219875405388e+00 2.570475003340376041e+00 2.571368001409811033e+00 2.570148199269794986e+00 2.571630129790446695e+00 2.569963848264189998e+00 3.296452346298109903e-01 3.305517609100538934e-01 3.287198262131890147e-01 3.314268138851972356e-01 3.277798133839880945e-01 3.324659180535518010e-01 3.269916140491320733e-01 4.363514862213232343e-02 4.401043036095551864e-02 4.326236787250262866e-02 4.434437770615317492e-02 4.293790774089040196e-02 4.472296979558127578e-02 4.257641965433096864e-02
1.043339500000000086e+00 1.359999999999999964e+01 2.603844831987955466e+00 2.604204216671711869e+00 2.603512427457484346e+00 2.604574751972553059e+00 2.603208079883975845e+00 2.604955015484395453e+00 2.602884414666990054e+00 3.301463447080738023e-01 3.311047939097800930e-01 3.292473719612827310e-01 3.319315356496124192e-01 3.283344552644999470e-01 3.326207040197411424e-01 3.271496232493078526e-01 4.353138587152664829e-02 4.395307625421381037e-02 4.317676920750534303e-02 4.436398248673430883e-02 4.277195530341697249e-02 4.465447034391856890e-02 4.235765819291515549e-02
1.043339500000000086e+00 1.369999999999999929e+01 2.637135767854423385e+00 2.637555456414538479e+00 2.636696526427178000e+00 2.637926115418630424e+00 2.636252284925741485e+00 2.638214233787982366e+00 2.635903197254996222e+00 3.309864212001685790e-01 3.319409337118836567e-01 3.299469748001775948e-01 3.328199231626320365e-01 3.289936723075283509e-01 3.335653831454228335e-01 3.281018638577101743e-01 4.348386416315282860e-02 4.389910095637757775e-02 4.306334328679728429e-02 4.427645954380051568e-02 4.268598681157649566e-02 4.451602199857414288e-02 4.230237298677794189e-02
1.043339500000000086e+00 1.379999999999999893e+01 2.670538928757798303e+00 2.671034279134963718e+00 2.670033501116773067e+00 2.671566882863078529e+00 2.669564823233240070e+00 2.672039039413340866e+00 2.669068075027435594e+00 3.319358218117073323e-01 3.330621933109891852e-01 3.309182589780015893e-01 3.340650929201482988e-01 3.300343357954907408e-01 3.350879682524935399e-01 3.292281459090752316e-01 4.354240796742082920e-02 4.400592606426734915e-02 4.305112139426667955e-02 4.448173669186668289e-02 4.261851948048792776e-02 4.511689936981860827e-02 4.221214589401935807e-02
1.043339500000000086e+00 1.389999999999999858e+01 2.704173730788378194e+00 2.704833323774100240e+00 2.703511872952364392e+00 2.705393869242583182e+00 2.702985616291848636e+00 2.706081845004248532e+00 2.702309843016178270e+00 3.332329589864918007e-01 3.345048437417386111e-01 3.319940046746141515e-01 3.356755717303504527e-01 3.307962228164967322e-01 3.371186299810422504e-01 3.295453480344218145e-01 4.362513807440426133e-02 4.416240184394860241e-02 4.310551150288929878e-02 4.471633585211884365e-02 4.263099506789951726e-02 4.529067443849339042e-02 4.222681344839731427e-02
1.043339500000000086e+00 1.399999999999999822e+01 2.737985739800500529e+00 2.738771653891796110e+00 2.737221681907816340e+00 2.739602418643577675e+00 2.736536440591328390e+00 2.740501296032303635e+00 2.735708009042469246e+00 3.344792836997081409e-01 3.360202208098166388e-01 3.331563993190855832e-01 3.374220174713816744e-01 3.316902486825461516e-01 3.389066818371506140e-01 3.307416329670052058e-01 4.389547857028415490e-02 4.456747913214207518e-02 4.322725630532592289e-02 4.528120322611946247e-02 4.254887726599757697e-02 4.568793491101624110e-02 4.198702347051631867e-02
1.043339500000000086e+00 1.409999999999999787e+01 2.771980565932018692e+00 2.772992514523550334e+00 2.770934856762886422e+00 2.773982311184351346e+00 2.770064462241694780e+00 2.774775773528914691e+00 2.769125979713948471e+00 3.357940342882252405e-01 3.376026874464875260e-01 3.341380337624626495e-01 3.390921732741178363e-01 3.325785968854040320e-01 3.409300689577899890e-01 3.310951319524231828e-01 4.423669389703630689e-02 4.509540482422922519e-02 4.334690098218168391e-02 4.604210374585820248e-02 4.262045658436412060e-02 4.691350919710349232e-02 4.202962373146624381e-02
1.043339500000000086e+00 1.419999999999999751e+01 2.805989522777087686e+00 2.807233005096108513e+00 2.804741048752284360e+00 2.808563939783775609e+00 2.803610278216463580e+00 2.809484066270227842e+00 2.802211860404737021e+00 3.368646738844409683e-01 3.389824237360369308e-01 3.348061119259098106e-01 3.411121558379028862e-01 3.326724648694812103e-01 3.424705268583634332e-01 3.311448082511978530e-01 4.459100905857573544e-02 4.568773499500474594e-02 4.349049242537084137e-02 4.667321907972209888e-02 4.257234396162777601e-02 4.748971758603151572e-02 4.187790072454312257e-02
1.043339500000000086e+00 1.429999999999999716e+01 2.839862121771564496e+00 2.841439873014535600e+00 2.838234836108888270e+00 2.842883034521811680e+00 2.836756257747240717e+00 2.845048456000028203e+00 2.835572865646996732e+00 3.372185353248515760e-01 3.398511593407352871e-01 3.346660238447005109e-01 3.421678534330463983e-01 3.320167318757015762e-01 3.453305991998193436e-01 3.300363078190741151e-01 4.490083473822502336e-02 4.615044222382718581e-02 4.361538928392853787e-02 4.750910094907369319e-02 4.241089626944238855e-02 4.873485862048728551e-02 4.147624380508595915e-02
1.043339500000000086e+00 1.439999999999999680e+01 2.873485544823413562e+00 2.875575096697557953e+00 2.871380859393120488e+00 2.877634657575014021e+00 2.869806349280303426e+00 2.878984835616046567e+00 2.867586212334507056e+00 3.371000116401674518e-01 3.404831150242858540e-01 3.340157215197290808e-01 3.437922642121274963e-01 3.311087980044818968e-01 3.462848941034332162e-01 3.283453455571650470e-01 4.514367480425995893e-02 4.676963161202129377e-02 4.353834508422473742e-02 4.826464305058582316e-02 4.199856443125565136e-02 5.041887561101862647e-02 4.094698206697516829e-02
1.043339500000000086e+00 1.449999999999999645e+01 2.906772085431636565e+00 2.909524195375998268e+00 2.903928702287532637e+00 2.912602251403067388e+00 2.901575683716079102e+00 2.915982248674207078e+00 2.899091240467483566e+00 3.361116820410003370e-01 3.405186316767881971e-01 3.319367864742623908e-01 3.447175035470276261e-01 3.278774427165564997e-01 3.499832468643743200e-01 3.240884323912410214e-01 4.523540074106927739e-02 4.714272096504174697e-02 4.340465629037194850e-02 4.897873653457908427e-02 4.179565010904250089e-02 5.041129691342362273e-02 4.050164516135745102e-02
1.043339500000000086e+00 1.459999999999999609e+01 2.939752983743979975e+00 2.943661737863420225e+00 2.935823669212910936e+00 2.947320843712510907e+00 2.932486118727163582e+00 2.950706438879816318e+00 2.929243430685195548e+00 3.350985994160001757e-01 3.406612158616558195e-01 3.293813691560720236e-01 3.456594086068327520e-01 3.243957717289891463e-01 3.502089215333807903e-01 3.199446411766982967e-01 4.519818650207227395e-02 4.754232360501063626e-02 4.315953631171808719e-02 4.960019655580873155e-02 4.110313278673011911e-02 5.113406494255981483e-02 3.928878713446557619e-02
1.043339500000000086e+00 1.469999999999999574e+01 2.972755488453072026e+00 2.977566380826116799e+00 2.967978050389642686e+00 2.982218847080037705e+00 2.963511424096250124e+00 2.988764502753483487e+00 2.957077577573673288e+00 3.339530337658275227e-01 3.407416499086223238e-01 3.276852524782923326e-01 3.479543383641392484e-01 3.213827225861699555e-01 3.557657331808568024e-01 3.128740373478493542e-01 4.516190522907438665e-02 4.760325054145339574e-02 4.262008240359373840e-02 5.009941078538615589e-02 4.035582776258671289e-02 5.378862229389750477e-02 3.879103917803902041e-02
