# log10(M200c)[Msun] log10(<sigmaDM>)[km/s] log10(sigmaDM)+ log10(sigmaDM)- log10(sigmaDM)++ log10(sigmaDM)-- log10(sigmaDM)+++ log10(sigmaDM)--- <slope> slope+ slope- slope++ slope-- slope+++ slope--- <scatter>[ln] scatter+ scatter- scatter++ scatter-- scatter+++ scatter---
3.162277660168379297e+13 3.356649463137411544e+02 3.355484862147345666e+02 3.357912241325473133e+02 3.354330790522357120e+02 3.359098840059684790e+02 3.352934302963095661e+02 3.360479442260747760e+02 3.098416800305604513e-01 3.093061148983168862e-01 3.103410439244110863e-01 3.087589787785038897e-01 3.108596689386531331e-01 3.083369455313951235e-01 3.112773932018065848e-01 4.876735508592938001e-02 4.836226923781233866e-02 4.914465338571601810e-02 4.794413567432281170e-02 4.946996727926049331e-02 4.756830708571185840e-02 4.975930465638992578e-02
3.981071705534969531e+13 3.607938331735205679e+02 3.606489277081872160e+02 3.609353112635965317e+02 3.604932037059948016e+02 3.610732499000612847e+02 3.603297936449556005e+02 3.612253797768850632e+02 3.115743724231601064e-01 3.110738878357014459e-01 3.120793961724012133e-01 3.106352961771952081e-01 3.125011175810316066e-01 3.103336643208502998e-01 3.129522001060199843e-01 4.810195863660404747e-02 4.772717878072598591e-02 4.850686483830529694e-02 4.740272949013384779e-02 4.893444835729305470e-02 4.713325656319961726e-02 4.915866441354473787e-02
5.011872336272714844e+13 3.880448360889556625e+02 3.878613148958502279e+02 3.882336872159631866e+02 3.876563847565986975e+02 3.884026005804958572e+02 3.875382140293065163e+02 3.885777657683624398e+02 3.135553776933338588e-01 3.130732614908657840e-01 3.140542182086553669e-01 3.126322654510401144e-01 3.145568222590207630e-01 3.123237871160303714e-01 3.149937035667884078e-01 4.746284540862906465e-02 4.707523197107529866e-02 4.785255488935790530e-02 4.669167683530818513e-02 4.826846357784430469e-02 4.628464573689032580e-02 4.867213129849030928e-02
6.309573444801917188e+13 4.176261154112233385e+02 4.174065357608617433e+02 4.178543089073129408e+02 4.171946861385814032e+02 4.180627738624077665e+02 4.170765863682833015e+02 4.183408072050804094e+02 3.157226484212126705e-01 3.152357181663838492e-01 3.162395890693567302e-01 3.147375643407893664e-01 3.167906502295552151e-01 3.142823928738309736e-01 3.170513699977280941e-01 4.676610505811078233e-02 4.636154191484343629e-02 4.716263580141443618e-02 4.598696765791437241e-02 4.768146040259394619e-02 4.567902933983648828e-02 4.825641956517752462e-02
7.943282347242789062e+13 4.498007355848694715e+02 4.495264053018500476e+02 4.500906840168825624e+02 4.492711710032641577e+02 4.504031154086179072e+02 4.490377809086548382e+02 4.506601856884259973e+02 3.181033979721074600e-01 3.175214531513705363e-01 3.186926960093922623e-01 3.169553569309597196e-01 3.192186919805867773e-01 3.165828299078699004e-01 3.197661796288159830e-01 4.611485372850603059e-02 4.569000753480832039e-02 4.657370862212932561e-02 4.527636468652410096e-02 4.697071986787137998e-02 4.481001043164280911e-02 4.745388709935299126e-02
9.999999999999959375e+13 4.848472863184374546e+02 4.845049949491478287e+02 4.851619342593260171e+02 4.841591248028600489e+02 4.855007181364554185e+02 4.839079850863045067e+02 4.858983418599163429e+02 3.206770911115058853e-01 3.200983869941321225e-01 3.212762896100259669e-01 3.195201082632774803e-01 3.218419818273313138e-01 3.189778470648494402e-01 3.226051555027960038e-01 4.560582415192012545e-02 4.513700273779113620e-02 4.604218178986788784e-02 4.473355616776152760e-02 4.650708175269973460e-02 4.429611263614038896e-02 4.699153345871669857e-02
1.258925411794161094e+14 5.229914390532617290e+02 5.225905844409039673e+02 5.234460928533759443e+02 5.222407873538431886e+02 5.239120937084556999e+02 5.218423163956191502e+02 5.244756664291725201e+02 3.234427978474795906e-01 3.228101025941971791e-01 3.240839724213995798e-01 3.222396540962781941e-01 3.247596122211494629e-01 3.215207895518701897e-01 3.253267880241981214e-01 4.513302625281568475e-02 4.469612824604348583e-02 4.564603378847337245e-02 4.416386943941350701e-02 4.618076161721752088e-02 4.375848107075671484e-02 4.673679006836278793e-02
1.584893192461104375e+14 5.646287932682145083e+02 5.640605492973650144e+02 5.651561869107240454e+02 5.635015330617372911e+02 5.656873111224128934e+02 5.630147989679597913e+02 5.662588781535213229e+02 3.263374420642284335e-01 3.255408475302694615e-01 3.270505633655955702e-01 3.247333439638493413e-01 3.278300769881055121e-01 3.236944085081306932e-01 3.285784638903379573e-01 4.487049878486536886e-02 4.433955138318970007e-02 4.544648998709332338e-02 4.375386494380326813e-02 4.612673645230461889e-02 4.313124648824877283e-02 4.667125032144187058e-02
1.995262314968866562e+14 6.098428389657634625e+02 6.092223215182356171e+02 6.105304005220070849e+02 6.086065653564160129e+02 6.111908452516419175e+02 6.080094830159125650e+02 6.116641996640761363e+02 3.290395661665429516e-01 3.281318490203138372e-01 3.298596451620456893e-01 3.274234855015519807e-01 3.307125412850658863e-01 3.264566845734302447e-01 3.313562588937911668e-01 4.458939922972082748e-02 4.401544822782974681e-02 4.526067886300676191e-02 4.341620218878271958e-02 4.587697375768370195e-02 4.300606782018012719e-02 4.657207593374219218e-02
2.511886431509561562e+14 6.589458834747490528e+02 6.581235263936650881e+02 6.597275378234772916e+02 6.574125930624387593e+02 6.605279758595992234e+02 6.565125596175071223e+02 6.611282242696124740e+02 3.312395136294906117e-01 3.302800211568411859e-01 3.322481069930834918e-01 3.292800991848042202e-01 3.331238843336208899e-01 3.282325660415802426e-01 3.339489134012459948e-01 4.447589503729938720e-02 4.374042576431188406e-02 4.523999689334243235e-02 4.314809916432496562e-02 4.610034303508323689e-02 4.238626534281030034e-02 4.695507823447817725e-02
3.162277660168353750e+14 7.120192651425157919e+02 7.110287310873688966e+02 7.130107846663026976e+02 7.101034820245422452e+02 7.139036396591841367e+02 7.091615260270793897e+02 7.146843502275578430e+02 3.327688751097134245e-01 3.318284260403856489e-01 3.339047416511935484e-01 3.307997321211711972e-01 3.349625259093302332e-01 3.298309407314944930e-01 3.359096189350400108e-01 4.442015771863532664e-02 4.359385569532236993e-02 4.530361915338287221e-02 4.282183694533896190e-02 4.612529968269715036e-02 4.185571698525323431e-02 4.689833973439842818e-02
3.981071705534936875e+14 7.692204084162422077e+02 7.679924294845126269e+02 7.703001071694560551e+02 7.668192523222051022e+02 7.715011391508829774e+02 7.656666639104806791e+02 7.724313288470856378e+02 3.336366461973482300e-01 3.324447998264062898e-01 3.348078275281163863e-01 3.313099419389417544e-01 3.360638589829813561e-01 3.301935704128575733e-01 3.368786263592808972e-01 4.417859463967450939e-02 4.328818706396134197e-02 4.515062161802768648e-02 4.229138409094052031e-02 4.620731855497896279e-02 4.149107803771946712e-02 4.710566809645874015e-02
5.011872336272673750e+14 8.308457773184244388e+02 8.294694241291251728e+02 8.322199998691286282e+02 8.283795756686973846e+02 8.334881487593585234e+02 8.267742831905351295e+02 8.342979328322347783e+02 3.340522165427219359e-01 3.329011064878025783e-01 3.352388337696475262e-01 3.316294741273169144e-01 3.365590306557041944e-01 3.308941341151611093e-01 3.374142394563462988e-01 4.394797576387913379e-02 4.285765577090445283e-02 4.502143845294304808e-02 4.197052531006620346e-02 4.612578852083326630e-02 4.131715994653294838e-02 4.763524653963288613e-02
6.309573444801865000e+14 8.973220081965301915e+02 8.956998970360190242e+02 8.989991565124431645e+02 8.944035619060930458e+02 9.004515246297336262e+02 8.929743689197133563e+02 9.022212873121777648e+02 3.343562135443983729e-01 3.328726136570825944e-01 3.357735008571004487e-01 3.314218246126270917e-01 3.371170554820986931e-01 3.303519194045948515e-01 3.382061650395341568e-01 4.341894492964391838e-02 4.221979794579150402e-02 4.458810849276207550e-02 4.113938754966608297e-02 4.586043727302600848e-02 4.018798024030295624e-02 4.755229698687504780e-02
7.943282347242723750e+14 9.694530951045586562e+02 9.674550351539380699e+02 9.712522149875450168e+02 9.653575030022060446e+02 9.729878129096249495e+02 9.637161477017887137e+02 9.750388752715415421e+02 3.347507956969518750e-01 3.331172831477222651e-01 3.363967267945870421e-01 3.314635519623390647e-01 3.380220860192050258e-01 3.297491874010983759e-01 3.392779298594189585e-01 4.275139575670546671e-02 4.154405623863444835e-02 4.403468552010295078e-02 4.044668108142770308e-02 4.519084597720701008e-02 3.897666471885939676e-02 4.645649849316202395e-02
9.999999999999877500e+14 1.047631203809210319e+03 1.045088670616108857e+03 1.050033322789681279e+03 1.042619812001909850e+03 1.052307594478524379e+03 1.040670959041251535e+03 1.054696758642762688e+03 3.357486610573938712e-01 3.334460502352075140e-01 3.377951603105550094e-01 3.312688211441425779e-01 3.397456115374174468e-01 3.298658710369709590e-01 3.426138982369268948e-01 4.215129365866343569e-02 4.087288839352197500e-02 4.340542444977441017e-02 3.976525593488681315e-02 4.452373876160353738e-02 3.875952113804475435e-02 4.625259027528646344e-02
1.258925411794150750e+15 1.132938128906708471e+03 1.129612708505598903e+03 1.136189369244181080e+03 1.126776317198774905e+03 1.139272504928486342e+03 1.123862881338104671e+03 1.141745369946796927e+03 3.371222968843622936e-01 3.345282425061615883e-01 3.399781183205449198e-01 3.320362293567038492e-01 3.424172736081323443e-01 3.290227625247085230e-01 3.450453851442158992e-01 4.160810192205876418e-02 4.048308235022177182e-02 4.300671745234679183e-02 3.920445977868236564e-02 4.438341281987615017e-02 3.801303395236543120e-02 4.590605361272889068e-02
1.584893192461091500e+15 1.225422195710612414e+03 1.220892041417510654e+03 1.229614053478970618e+03 1.217255204856283171e+03 1.233811456614551389e+03 1.212391386797238056e+03 1.237461639826926785e+03 3.388950510701116414e-01 3.355544846879148224e-01 3.422497158527493810e-01 3.324549417211894453e-01 3.454178135219778123e-01 3.285159605881499689e-01 3.483467473963602901e-01 4.107192754917974448e-02 3.966944273335803323e-02 4.255446338123087396e-02 3.814116011110882387e-02 4.399989300023800232e-02 3.726072347015193381e-02 4.525931405819041964e-02
1.995262314968850250e+15 1.326854857516825177e+03 1.321070188736187220e+03 1.332458734693741690e+03 1.315903781438871420e+03 1.339035224412220032e+03 1.311717170110070356e+03 1.343985234696960333e+03 3.408188938648619715e-01 3.369107679956434565e-01 3.448225160981097659e-01 3.326966222644948123e-01 3.491235552755317939e-01 3.275505135179255789e-01 3.527757852041718545e-01 4.084480385164285243e-02 3.921722017064890181e-02 4.239275230753549589e-02 3.776494472272616532e-02 4.386131956790751546e-02 3.606103370263682995e-02 4.492254094461777675e-02
2.511886431509541000e+15 1.437030873986019287e+03 1.428934507557082043e+03 1.445331360070102164e+03 1.422277501856098525e+03 1.452838077110686527e+03 1.407751595654367065e+03 1.460298905740363125e+03 3.428207795789554035e-01 3.379924433794366245e-01 3.474332321305882987e-01 3.333275345651878219e-01 3.521303511618319448e-01 3.264428261145081445e-01 3.554638389340416538e-01 4.079117157794157067e-02 3.889182457052417496e-02 4.248546191394010629e-02 3.735139220166155266e-02 4.423114193722540305e-02 3.490404478977975067e-02 4.552217355361105194e-02
3.162277660168327500e+15 1.557851802265905235e+03 1.546315881695309372e+03 1.569167053420098000e+03 1.534773194312377200e+03 1.579170186601632849e+03 1.526002984920109611e+03 1.590702354815144417e+03 3.446595621862256209e-01 3.388283623375792919e-01 3.501251667807853685e-01 3.332306368592382051e-01 3.550916379332118566e-01 3.286011959635243285e-01 3.612322048229752447e-01 4.063160008806653706e-02 3.857079964277794482e-02 4.285738050764354573e-02 3.670830944592302220e-02 4.467927659887069997e-02 3.485994177161122476e-02 4.709149201491932835e-02
3.981071705534904000e+15 1.690585465834390561e+03 1.674584280705559422e+03 1.704424860604635569e+03 1.659620665139055973e+03 1.719645475948293324e+03 1.648752318103204061e+03 1.734782006234343726e+03 3.465639361430300491e-01 3.398890406919904406e-01 3.526963762454244922e-01 3.334101500816504249e-01 3.589604467463720083e-01 3.263113397044193897e-01 3.652416630293950917e-01 4.046873888717185397e-02 3.814870438891330984e-02 4.279637785771850389e-02 3.594256857634511859e-02 4.501558894142427408e-02 3.380594913983658856e-02 4.749918347716951955e-02
5.011872336272633000e+15 1.833673904025933098e+03 1.815270184329040603e+03 1.851841931557535418e+03 1.791887776760753468e+03 1.868239725241855695e+03 1.773584272728154019e+03 1.891496252619853294e+03 3.481243970379718777e-01 3.416907814811488420e-01 3.548023117246228986e-01 3.331013960634476856e-01 3.605170723727839643e-01 3.272898639149539601e-01 3.663292042028549189e-01 4.000845567706325795e-02 3.734084173795845091e-02 4.259357967803405198e-02 3.508223986401770578e-02 4.523862882332833207e-02 3.315582658707703217e-02 4.707554247395005775e-02
