# log10(M200c)[Msun] log10(<sigmaDM>)[km/s] log10(sigmaDM)+ log10(sigmaDM)- log10(sigmaDM)++ log10(sigmaDM)-- log10(sigmaDM)+++ log10(sigmaDM)--- <slope> slope+ slope- slope++ slope-- slope+++ slope--- <scatter>[ln] scatter+ scatter- scatter++ scatter-- scatter+++ scatter---
0.000000000000000000e+00 1.350000000000000000e+01 2.495753025581521012e+00 2.496632664499348842e+00 2.495032433218595358e+00 2.497547839123428481e+00 2.494167149103762693e+00 2.498234525132416284e+00 2.493230515089412069e+00 2.999103228175041824e-01 3.025995523327188463e-01 2.970435667087721332e-01 3.050871049525389900e-01 2.943507392766607778e-01 3.078153775935850711e-01 2.919935615446421773e-01 1.627719117779415359e-01 1.670570489673025572e-01 1.588037488728760716e-01 1.705396243371246345e-01 1.547742673525990265e-01 1.737919961316412854e-01 1.497349250285816835e-01
0.000000000000000000e+00 1.359999999999999964e+01 2.526226874933928723e+00 2.527063540071621706e+00 2.525402789389593394e+00 2.527883835024796522e+00 2.524603303970247126e+00 2.528382736179304757e+00 2.523744500388278578e+00 3.024255992099713630e-01 3.048889420079165524e-01 3.002330083903359537e-01 3.072355775795999611e-01 2.979887954769740444e-01 3.098389975286702791e-01 2.966117126864927234e-01 1.550217050552593623e-01 1.593062459388887298e-01 1.511241176266380215e-01 1.634754833142679775e-01 1.471365196043082912e-01 1.673107380538192968e-01 1.442903691098274543e-01
0.000000000000000000e+00 1.369999999999999929e+01 2.557023265220803143e+00 2.557938769205816421e+00 2.556132532979640715e+00 2.558761942204836881e+00 2.555356931565194500e+00 2.559638908045428707e+00 2.554561197210739376e+00 3.052926022434512277e-01 3.076950781474883656e-01 3.031218396550676708e-01 3.100005157410401502e-01 3.012936549813490239e-01 3.122547215352552419e-01 2.996024750497510158e-01 1.466203710416822681e-01 1.507607597978682934e-01 1.426841914798018807e-01 1.539178781638078364e-01 1.390078469045809839e-01 1.573128689867747954e-01 1.346152702079364549e-01
0.000000000000000000e+00 1.379999999999999893e+01 2.588208497401193409e+00 2.589125324943951867e+00 2.587392534163775348e+00 2.590056869570811493e+00 2.586581456357694542e+00 2.590851925662049027e+00 2.585714046004648381e+00 3.085365836177840215e-01 3.105264985154273516e-01 3.064172163814393168e-01 3.125803201835407608e-01 3.045693203579803443e-01 3.143328116006250950e-01 3.030462843654327942e-01 1.379463024822003003e-01 1.417596095604909401e-01 1.340643064351929037e-01 1.459163932843288158e-01 1.305133163927492679e-01 1.491053096844652814e-01 1.272906689063879881e-01
0.000000000000000000e+00 1.389999999999999858e+01 2.619781511592766066e+00 2.620698807074782977e+00 2.618917378760610593e+00 2.621558827143978476e+00 2.618116965074931191e+00 2.622512713684646446e+00 2.617082548064343150e+00 3.115524941509512646e-01 3.137928681483515003e-01 3.095557751585066297e-01 3.154448558037718509e-01 3.074944565205027236e-01 3.176810009993141781e-01 3.059545336050145670e-01 1.286219276115310728e-01 1.329374527204393308e-01 1.249782946869997663e-01 1.369637241002304995e-01 1.210033441431559720e-01 1.401386360056043334e-01 1.188367422062565903e-01
0.000000000000000000e+00 1.399999999999999822e+01 2.651576341618194110e+00 2.652557004619183090e+00 2.650574843553128002e+00 2.653606239941029621e+00 2.649722231233540448e+00 2.654280066378862379e+00 2.648816583339962616e+00 3.142638232812711152e-01 3.163334530091805874e-01 3.122210114181790952e-01 3.186287725411582339e-01 3.100550742789909275e-01 3.213554392271089633e-01 3.073782407295477803e-01 1.200730449555550000e-01 1.237347189326960528e-01 1.161818584272569094e-01 1.272823772103030826e-01 1.123044991707902729e-01 1.311405995554370263e-01 1.096242068576267353e-01
0.000000000000000000e+00 1.409999999999999787e+01 2.683542332693591881e+00 2.684571174689772466e+00 2.682671201840428399e+00 2.685632055819376696e+00 2.681597937019338129e+00 2.686617677061497567e+00 2.680841215762630014e+00 3.167962345494725884e-01 3.189391627255109829e-01 3.145182011460839200e-01 3.217236930205709666e-01 3.127599325572835154e-01 3.234373898871220065e-01 3.109944139153425491e-01 1.119889152776040453e-01 1.153505171260698348e-01 1.080419763464004201e-01 1.194581864610247818e-01 1.042089717969752333e-01 1.224072507852927011e-01 1.000362532448717257e-01
0.000000000000000000e+00 1.419999999999999751e+01 2.715814985606348930e+00 2.716892143266086634e+00 2.714738376791086427e+00 2.718302098491331975e+00 2.713800249017833455e+00 2.719454807176044042e+00 2.712950264969888892e+00 3.192888249495545172e-01 3.214364144067541895e-01 3.168851612932756523e-01 3.236262068180930096e-01 3.148324347557049374e-01 3.262740843169672500e-01 3.133348935200659380e-01 1.041433852133377552e-01 1.081471671495131265e-01 9.996789323797021509e-02 1.123629416969712802e-01 9.652193454471542922e-02 1.177055104068406716e-01 9.249636509419260910e-02
0.000000000000000000e+00 1.429999999999999716e+01 2.748281140648773047e+00 2.749416115503853675e+00 2.747262257870822566e+00 2.750569563802119699e+00 2.746158624457965658e+00 2.752002489672229935e+00 2.745524944790143085e+00 3.214156405765262736e-01 3.236613248771043616e-01 3.190618753549957498e-01 3.258392140340580223e-01 3.171018862633799840e-01 3.283047924178897903e-01 3.151639651793795016e-01 9.759160164211283517e-02 1.015052342206692465e-01 9.366159528539722001e-02 1.055128557850305571e-01 8.938052079472760814e-02 1.091394429906061281e-01 8.603422497338721053e-02
0.000000000000000000e+00 1.439999999999999680e+01 2.780955114416296947e+00 2.782030888409189995e+00 2.779882807471221184e+00 2.783263212832932876e+00 2.778975988242152972e+00 2.784234309510129624e+00 2.778007638119827760e+00 3.235774396296393629e-01 3.255364986057754928e-01 3.216687780239080863e-01 3.272982424091634979e-01 3.196297744848488054e-01 3.300466690930056735e-01 3.182850131549593842e-01 9.140574377150947893e-02 9.547642038819698085e-02 8.687927969997141786e-02 1.002480472137721457e-01 8.148486132929476378e-02 1.052732315682628483e-01 7.848262639077399627e-02
0.000000000000000000e+00 1.449999999999999645e+01 2.813792325163958274e+00 2.814903711892096538e+00 2.812701914408280768e+00 2.815984190589923664e+00 2.811802368820523590e+00 2.817164900197616006e+00 2.810720281815820787e+00 3.253212911960234877e-01 3.272805990552050681e-01 3.236019668633495217e-01 3.289044132884541005e-01 3.221062459086064811e-01 3.306376686184700486e-01 3.209913211746673323e-01 8.478950151281580694e-02 8.986571165688141127e-02 8.013350032191805805e-02 9.522867337842949587e-02 7.607170198047102927e-02 9.922237739844304294e-02 7.177575322790535894e-02
0.000000000000000000e+00 1.459999999999999609e+01 2.846618784829014981e+00 2.847607972503308105e+00 2.845645910079397378e+00 2.848646151813677641e+00 2.844768033427507170e+00 2.849704253783297503e+00 2.844035905037856082e+00 3.269129695478300013e-01 3.285398525706816897e-01 3.249396404468430921e-01 3.300850781465817785e-01 3.234333042569297323e-01 3.311392004684824419e-01 3.218228456735033882e-01 7.785716084125059167e-02 8.295576024171541496e-02 7.303498140299163888e-02 8.771042244625777695e-02 6.823111986726301814e-02 9.483455687450172145e-02 6.428934045092372929e-02
0.000000000000000000e+00 1.469999999999999574e+01 2.879524815496538714e+00 2.880381358965741434e+00 2.878623718515051166e+00 2.881272006993945034e+00 2.877781241691670822e+00 2.882377977262539304e+00 2.876991530712569745e+00 3.279894410766314161e-01 3.297190553543729030e-01 3.260777548639700596e-01 3.315293589078741054e-01 3.239674568094509377e-01 3.330976939073254650e-01 3.211352945466018904e-01 7.050159789601349869e-02 7.470317420096149463e-02 6.599896551988013171e-02 7.952705470884889605e-02 6.164927192209596757e-02 8.465281164468432817e-02 5.754179068687513554e-02
0.000000000000000000e+00 1.479999999999999538e+01 2.912364096091980770e+00 2.913286564375182408e+00 2.911451258589932145e+00 2.914101366338041732e+00 2.910551414710742524e+00 2.914885973446503797e+00 2.909775336073322727e+00 3.287244819526099482e-01 3.306344431054212274e-01 3.268376195564314246e-01 3.325655025166509016e-01 3.245842206555947240e-01 3.342891375656462660e-01 3.224323717975675629e-01 6.267351878360821749e-02 6.654334084495820700e-02 5.944799455224643314e-02 7.015410101683745847e-02 5.569666109035148471e-02 7.442062658052636670e-02 5.307052810205911686e-02
0.000000000000000000e+00 1.489999999999999503e+01 2.945322400358747483e+00 2.946175233010249084e+00 2.944480510246265226e+00 2.947042057322120545e+00 2.943673609243870004e+00 2.947998221149214615e+00 2.943072568176904547e+00 3.298950319175202317e-01 3.321096310197737544e-01 3.276083400777685672e-01 3.341358429197300861e-01 3.248574978399275115e-01 3.365541389629138624e-01 3.222685293176932309e-01 5.604468788157510734e-02 5.927420718902454144e-02 5.331693936563711156e-02 6.275636876967365108e-02 5.111993898882698228e-02 6.533493545305546490e-02 4.917513441546669806e-02
0.000000000000000000e+00 1.499999999999999467e+01 2.978408777846303757e+00 2.979352596409563070e+00 2.977572354959892920e+00 2.980384942140620552e+00 2.976704859659430102e+00 2.981288332072209446e+00 2.975866830353976589e+00 3.312770603554189286e-01 3.337794475524769600e-01 3.287595378339639440e-01 3.360773167978862719e-01 3.258130909308206147e-01 3.388227534419750442e-01 3.232485184090896913e-01 5.170960332038873619e-02 5.413370453963107370e-02 4.944827380307969394e-02 5.640906996258262390e-02 4.747478130231740090e-02 5.865223492940951910e-02 4.459324377735218031e-02
0.000000000000000000e+00 1.509999999999999432e+01 3.011762919679134676e+00 3.012810139307041446e+00 3.010770328373656213e+00 3.013699553946321608e+00 3.009949284424639604e+00 3.014412019802733766e+00 3.008998721179094282e+00 3.331444078366676553e-01 3.364141709077358988e-01 3.299629726477932290e-01 3.396319642060441346e-01 3.271408960131881871e-01 3.419890935995980596e-01 3.232232101352641163e-01 4.877759415246666480e-02 5.094076951641312440e-02 4.669566958360010095e-02 5.281175640299581170e-02 4.489254259229251420e-02 5.584431753042278651e-02 4.301007315806617409e-02
0.000000000000000000e+00 1.519999999999999396e+01 3.045673245987030597e+00 3.046842131061070713e+00 3.044465680571292854e+00 3.048053267355607776e+00 3.043297871491397633e+00 3.049159506175466383e+00 3.042162545750892733e+00 3.363037618344184576e-01 3.407159176236767006e-01 3.322528928493372891e-01 3.443792944770538433e-01 3.275604462083674395e-01 3.485492262381776341e-01 3.238242865839621176e-01 4.702167046921681970e-02 4.889633589026325111e-02 4.518050714071841084e-02 5.060560257032322568e-02 4.343658329659839945e-02 5.226146221563687799e-02 4.216457675836061958e-02
0.000000000000000000e+00 1.529999999999999361e+01 3.080091376687561056e+00 3.081678262689278469e+00 3.078342344543626208e+00 3.083340862311496178e+00 3.076605395426203593e+00 3.084974499798362579e+00 3.075440362030508190e+00 3.394970549424867756e-01 3.454831135040142276e-01 3.342633657752607235e-01 3.500626847892338578e-01 3.292895326174346549e-01 3.580656367782422689e-01 3.259103376186738288e-01 4.602439475203241870e-02 4.785416907491894106e-02 4.423095892162383358e-02 4.995744150404970302e-02 4.239905835760376940e-02 5.135538728402454234e-02 4.085670671843612267e-02
0.000000000000000000e+00 1.539999999999999325e+01 3.115176599403938873e+00 3.117777165988568022e+00 3.112636306136341346e+00 3.120402509087906839e+00 3.110309858452862120e+00 3.122080127450917786e+00 3.107686067027304766e+00 3.439858550151908556e-01 3.514341747663385918e-01 3.367334436681212462e-01 3.577536098877405757e-01 3.303046123211748064e-01 3.620223390539485941e-01 3.249903271703697971e-01 4.565996680834865512e-02 4.763447777657642268e-02 4.375279624679743323e-02 4.956745251938654562e-02 4.213098379171557190e-02 5.105949783587893087e-02 4.037408598007737048e-02
0.000000000000000000e+00 1.549999999999999289e+01 3.150935123045958797e+00 3.155134118656413023e+00 3.147117655272473780e+00 3.158894251405587994e+00 3.143084781109451775e+00 3.163121992204729338e+00 3.140880139266140070e+00 3.476085327200335584e-01 3.572700196761720015e-01 3.385754572926772954e-01 3.661535382729561028e-01 3.298456971452806141e-01 3.756798182055791635e-01 3.239337107961959283e-01 4.557920451101227927e-02 4.800544113207596414e-02 4.343525496369710082e-02 5.002971563396967081e-02 4.122732249450877101e-02 5.232064469369315102e-02 3.962237754477983959e-02
0.000000000000000000e+00 1.559999999999999254e+01 3.186825630469724224e+00 3.192742915503634205e+00 3.181734272750055936e+00 3.198785511012462113e+00 3.176877423409027124e+00 3.204440129334873433e+00 3.174386236477205081e+00 3.503191022546121025e-01 3.617968113608597824e-01 3.394572298633455332e-01 3.737835673943295522e-01 3.315046453954954009e-01 3.850297244644922401e-01 3.256033463282315132e-01 4.589073945306044316e-02 4.841344528930367763e-02 4.325400629315011292e-02 5.118807038239588797e-02 4.048192960695713022e-02 5.352361926583059509e-02 3.782876733963899674e-02
4.898689999999999989e-01 1.350000000000000000e+01 2.527853803201152161e+00 2.528458346101502663e+00 2.527262777552732764e+00 2.529102959611515988e+00 2.526573221710333161e+00 2.529667920119161639e+00 2.526011359825053315e+00 3.087920116054899689e-01 3.108161055899772429e-01 3.068040001848371667e-01 3.128641574894979183e-01 3.048533870280991098e-01 3.143931049661796151e-01 3.031713227280062872e-01 1.215434889466368296e-01 1.252591305805264288e-01 1.182223820239213241e-01 1.283679093524958126e-01 1.147494184237393827e-01 1.318886224901496818e-01 1.117788187763979479e-01
4.898689999999999989e-01 1.359999999999999964e+01 2.558940307515660262e+00 2.559603407323406632e+00 2.558358338911542962e+00 2.560225215331771942e+00 2.557784978128506470e+00 2.560737262017757310e+00 2.557219287452996870e+00 3.104938419296175978e-01 3.121873883561281926e-01 3.086051698343716954e-01 3.139855232395022400e-01 3.066949214202688845e-01 3.152525896183728249e-01 3.040022732978107101e-01 1.153249515688152121e-01 1.188477482489743164e-01 1.121049591446391797e-01 1.226274368242802060e-01 1.089796581090719529e-01 1.256387904040225378e-01 1.057217763335123462e-01
4.898689999999999989e-01 1.369999999999999929e+01 2.590393376475431886e+00 2.591048779968107674e+00 2.589777361401407685e+00 2.591626084254437412e+00 2.589276629061832757e+00 2.592701706806339601e+00 2.588562186414563815e+00 3.124085644988794375e-01 3.141199246539871925e-01 3.107613762792350021e-01 3.156287644908292722e-01 3.091941281242062134e-01 3.169630945299767300e-01 3.075050945076638342e-01 1.089043708515877174e-01 1.122576077224611002e-01 1.055113783100560393e-01 1.155799541463650576e-01 1.027434348207957038e-01 1.187145530571818569e-01 9.933535205973638427e-02
4.898689999999999989e-01 1.379999999999999893e+01 2.622245969441406199e+00 2.622815926372450424e+00 2.621581154110205869e+00 2.623342080602428350e+00 2.621023622469000447e+00 2.624234350969962826e+00 2.620299855687894919e+00 3.152950655391069668e-01 3.167357554380482720e-01 3.138351510922895993e-01 3.181822384156113848e-01 3.123041629682936637e-01 3.193911326129170725e-01 3.106800693780464862e-01 1.014262210335961228e-01 1.044643204216054166e-01 9.812883357910742732e-02 1.078320470295691391e-01 9.524393005856139627e-02 1.107398807701647225e-01 9.190051077968748594e-02
4.898689999999999989e-01 1.389999999999999858e+01 2.654409929722429951e+00 2.655083659469057000e+00 2.653817271020581181e+00 2.655742495452369845e+00 2.653211546501968776e+00 2.656334864947735852e+00 2.652670920813211097e+00 3.184044179956069809e-01 3.199298209038590191e-01 3.168940043394342099e-01 3.211479354414565890e-01 3.154056240226765784e-01 3.226519170284638527e-01 3.143609848261557094e-01 9.398498131147958734e-02 9.703300990004064264e-02 9.090290653735286219e-02 1.003014158486942725e-01 8.792244529052538338e-02 1.022359795502712776e-01 8.537721808648601751e-02
4.898689999999999989e-01 1.399999999999999822e+01 2.687058935098401768e+00 2.687719059647680986e+00 2.686410060816931900e+00 2.688531102443123100e+00 2.685773887161392537e+00 2.688999725970597332e+00 2.685089230703364027e+00 3.220116886727014682e-01 3.235575176656425023e-01 3.204720695182911583e-01 3.247312417540577645e-01 3.191700008139614630e-01 3.267048840430210044e-01 3.179762021851929576e-01 8.650659489812063951e-02 8.943546448619274503e-02 8.361125905320263008e-02 9.255231702517011105e-02 8.119872958841907462e-02 9.684431564751684596e-02 7.966754589906496764e-02
4.898689999999999989e-01 1.409999999999999787e+01 2.720001181802745194e+00 2.720651580313957485e+00 2.719411639972021177e+00 2.721197877264121434e+00 2.718768990945413133e+00 2.721846639248063582e+00 2.718234600742700735e+00 3.254569101165155631e-01 3.270161505163914906e-01 3.239377695747845398e-01 3.284397428121174634e-01 3.224957256627650204e-01 3.295326394195879360e-01 3.211458783621717883e-01 7.981385134882797161e-02 8.242382463500173839e-02 7.725730058979154991e-02 8.477143324414743164e-02 7.504813259769711753e-02 8.749369210559226895e-02 7.272479910163028027e-02
4.898689999999999989e-01 1.419999999999999751e+01 2.753245072507505498e+00 2.753944821719175096e+00 2.752643057634489132e+00 2.754732616433696712e+00 2.751952618395338224e+00 2.755345506623684493e+00 2.751484272668399012e+00 3.286258608910617163e-01 3.300935258841253828e-01 3.271211336731166264e-01 3.315068433799547298e-01 3.257024337787793877e-01 3.329227830714920899e-01 3.239648399467193185e-01 7.358198245363214984e-02 7.614274544389192101e-02 7.120074830946998556e-02 7.861425010655698209e-02 6.888564005451268402e-02 8.076969193315494677e-02 6.693422984520699948e-02
4.898689999999999989e-01 1.429999999999999716e+01 2.786694119780719792e+00 2.787433788679954283e+00 2.785949636301712662e+00 2.788035643549084508e+00 2.785238325849711760e+00 2.788630793354118342e+00 2.784660930615805441e+00 3.309813978488290731e-01 3.323829821686785091e-01 3.295250863298818111e-01 3.337680519894427600e-01 3.281417326160893655e-01 3.352700915080533695e-01 3.269567564085670286e-01 6.799191276442807796e-02 7.031397074931278190e-02 6.572317070420853613e-02 7.290247285193593441e-02 6.336307305736893491e-02 7.590297641763731062e-02 6.165276061390046608e-02
4.898689999999999989e-01 1.439999999999999680e+01 2.820039440708832501e+00 2.820773161757291980e+00 2.819336765870795070e+00 2.821546809068976813e+00 2.818718963321566573e+00 2.822099749346109743e+00 2.818094089430783100e+00 3.323967081084891473e-01 3.339099058867811554e-01 3.310915876974674377e-01 3.352789670510081810e-01 3.297787008537894637e-01 3.362285981784390865e-01 3.286882346477700834e-01 6.269431382439302758e-02 6.500637443496540269e-02 6.065285949428150108e-02 6.721093273576668470e-02 5.883385973451038531e-02 7.035136260693261590e-02 5.677447352495461341e-02
4.898689999999999989e-01 1.449999999999999645e+01 2.853506438293670122e+00 2.854193264671695207e+00 2.852812691283781454e+00 2.854827100520432204e+00 2.852201656145997521e+00 2.855427171720239521e+00 2.851558026274932267e+00 3.331641173800053979e-01 3.346563755189476685e-01 3.316075912418431915e-01 3.362528983148962980e-01 3.301840807890636387e-01 3.373318209810945434e-01 3.285382687242569544e-01 5.803930357053651429e-02 6.018801333127058589e-02 5.602658400326459426e-02 6.213016124664690054e-02 5.412413625109114418e-02 6.355971641284575979e-02 5.273726266957528414e-02
4.898689999999999989e-01 1.459999999999999609e+01 2.886859015784704052e+00 2.887578777457731505e+00 2.886123814244815566e+00 2.888389344923408597e+00 2.885430806736644094e+00 2.889095134600082382e+00 2.884644735675513161e+00 3.334722037253777804e-01 3.352663526909914760e-01 3.317114577597696790e-01 3.365710963545812673e-01 3.300479562670031730e-01 3.385032008091310440e-01 3.282821363479946353e-01 5.380383127342895644e-02 5.579921065018512288e-02 5.195997573624366872e-02 5.785937600029174982e-02 5.037365251860308896e-02 5.952373066459138579e-02 4.863416024278410799e-02
4.898689999999999989e-01 1.469999999999999574e+01 2.920171982058307414e+00 2.920932497708415898e+00 2.919426913486651731e+00 2.921741818554127068e+00 2.918716859612894954e+00 2.922497835778336217e+00 2.917915270751259005e+00 3.333297122057411466e-01 3.351768024756833775e-01 3.315614985987838659e-01 3.368896495355578891e-01 3.297883767687003198e-01 3.385227928666131314e-01 3.275069673345488708e-01 5.011874554635228213e-02 5.179570393023021774e-02 4.849066240662400912e-02 5.360025930544035089e-02 4.695354181483378520e-02 5.587469979780088081e-02 4.582101901194465809e-02
4.898689999999999989e-01 1.479999999999999538e+01 2.953599554606102018e+00 2.954444115966361473e+00 2.952773887123477436e+00 2.955263204035024405e+00 2.951948822451522680e+00 2.956273368175746263e+00 2.950722949805994144e+00 3.336944888922711017e-01 3.357030658455606442e-01 3.317308288260476523e-01 3.378415106646812660e-01 3.298769508432721209e-01 3.396780068022687837e-01 3.269886257928262818e-01 4.709344810632160039e-02 4.859828086293997707e-02 4.555646831231759813e-02 4.988307601989525053e-02 4.416763344387131252e-02 5.174340820295507404e-02 4.275499624347993410e-02
4.898689999999999989e-01 1.489999999999999503e+01 2.987123979418301545e+00 2.988149585848782319e+00 2.986111111328324519e+00 2.989139107423584463e+00 2.985099164965440810e+00 2.990050754430743751e+00 2.984289759645200046e+00 3.342914550760837100e-01 3.366302583411404092e-01 3.317948610717607605e-01 3.388288361705117380e-01 3.295887368777903337e-01 3.423896836795379262e-01 3.276882843716293348e-01 4.457458492768272967e-02 4.612504331188511941e-02 4.316654979947350673e-02 4.759370529575209646e-02 4.186627803820550109e-02 4.986693631713922520e-02 4.059145924742944833e-02
4.898689999999999989e-01 1.499999999999999467e+01 3.020703536121705390e+00 3.022001919211847465e+00 3.019476899444576645e+00 3.023300049593108607e+00 3.018291241509561296e+00 3.024527300482493075e+00 3.017341327969853992e+00 3.348949500028349235e-01 3.376228954343595268e-01 3.320519584495952303e-01 3.406081104200130993e-01 3.297480051874931983e-01 3.429760296631334526e-01 3.275251797520051245e-01 4.289313131115118222e-02 4.439478835858504807e-02 4.150566903134565028e-02 4.571681881128257519e-02 4.009751973696989297e-02 4.708984431460064984e-02 3.906405760081201745e-02
4.898689999999999989e-01 1.509999999999999432e+01 3.054430922693374129e+00 3.055839296561506657e+00 3.053002117909498825e+00 3.057613736835368190e+00 3.051508185178646748e+00 3.058895434825680049e+00 3.050010387607779094e+00 3.357025616167484960e-01 3.388389557925919338e-01 3.322004293021065813e-01 3.420545552130797584e-01 3.295133892006457121e-01 3.458070907705247943e-01 3.267077226455635808e-01 4.171422087675898810e-02 4.327563364163067999e-02 4.032394710109087066e-02 4.460701895806810230e-02 3.883540366313902731e-02 4.640754141977832675e-02 3.724098100380954929e-02
4.898689999999999989e-01 1.519999999999999396e+01 3.088176572499734096e+00 3.090087906897953207e+00 3.086227984074519703e+00 3.092108099916180297e+00 3.084452344201062512e+00 3.094887786696403964e+00 3.082800799802773106e+00 3.362889110122651015e-01 3.398496556207887820e-01 3.322225052045840177e-01 3.441962991361907087e-01 3.288287745472101009e-01 3.492697774693209745e-01 3.254091848158023326e-01 4.069760680198807046e-02 4.247615248768592255e-02 3.896263741696322919e-02 4.403849317664949164e-02 3.740406445331960483e-02 4.577405803791104177e-02 3.632290292881851235e-02
4.898689999999999989e-01 1.529999999999999361e+01 3.121891984456865110e+00 3.124368970044296479e+00 3.119689692636963940e+00 3.126568846649086186e+00 3.117303547653813567e+00 3.129051761498726769e+00 3.115529615702916200e+00 3.365641734511276573e-01 3.409553758264263768e-01 3.323831893945102256e-01 3.450127638898716209e-01 3.284435730768799355e-01 3.495288933558873823e-01 3.243516937354746776e-01 3.988833245290557272e-02 4.175036156336559001e-02 3.808047733963488418e-02 4.346610152972587432e-02 3.622156934030363457e-02 4.514037476471755017e-02 3.481590904881107923e-02
4.898689999999999989e-01 1.539999999999999325e+01 3.155438711587842615e+00 3.158127153439617363e+00 3.152636933835416322e+00 3.160665408810942267e+00 3.150195937810658986e+00 3.163485062193325259e+00 3.147897776843135098e+00 3.359913193598252912e-01 3.405453413799242601e-01 3.319612190058673362e-01 3.451515709584016545e-01 3.274318855299225284e-01 3.507689529248880778e-01 3.229898701028414143e-01 3.915527873905280676e-02 4.132690581865589019e-02 3.717184003767530498e-02 4.320366610281262121e-02 3.538761294895928500e-02 4.487026439212922491e-02 3.382999280884680521e-02
4.898689999999999989e-01 1.549999999999999289e+01 3.188921761887335116e+00 3.191789298340788950e+00 3.185727238346147239e+00 3.194416362885480698e+00 3.182410429421413056e+00 3.197510299022619407e+00 3.179489945271249951e+00 3.358043256490226280e-01 3.399130296381274730e-01 3.309898056643934550e-01 3.434409283918128941e-01 3.265326296360245295e-01 3.477206854355526788e-01 3.208614902969017524e-01 3.813396268117868332e-02 4.049971994488671401e-02 3.605630767080966054e-02 4.310850828290414827e-02 3.408873225852736277e-02 4.486923815175639096e-02 3.194280373165177961e-02
9.872809999999999642e-01 1.350000000000000000e+01 2.563998747759263175e+00 2.564411034474958662e+00 2.563554372150140370e+00 2.564803388503044346e+00 2.563183137113119070e+00 2.565240249993218313e+00 2.562744140130745141e+00 3.181264435121052281e-01 3.194470871379944121e-01 3.167866855626460532e-01 3.208255341928359927e-01 3.156024195811215627e-01 3.223031917818610093e-01 3.141821774946215173e-01 7.507657529657783824e-02 7.675511115191993583e-02 7.327376038433223993e-02 7.850252822179011603e-02 7.161773230411744295e-02 7.986521537210894417e-02 7.000161472382331052e-02
9.872809999999999642e-01 1.359999999999999964e+01 2.596096130795310764e+00 2.596523202787950346e+00 2.595684010246433804e+00 2.596934263641967888e+00 2.595242141690624393e+00 2.597381943429979856e+00 2.594885341433141868e+00 3.199260239473869505e-01 3.211030163190557452e-01 3.186705226776386235e-01 3.222804471290377504e-01 3.176501613497260124e-01 3.234381226115159991e-01 3.164113441590505893e-01 7.147563325844875914e-02 7.291529818731673496e-02 6.984042143688957982e-02 7.463800537516726563e-02 6.829777554959061414e-02 7.591790971770664975e-02 6.736086186303309742e-02
9.872809999999999642e-01 1.369999999999999929e+01 2.628484078773143828e+00 2.628918659466447760e+00 2.628044982554995634e+00 2.629415706190358470e+00 2.627670735374532107e+00 2.629868137731643962e+00 2.627269387685524649e+00 3.218793084840541052e-01 3.229975996631539448e-01 3.207390647725169575e-01 3.241710858812320017e-01 3.195367612799274726e-01 3.251662510097260705e-01 3.184356743309683102e-01 6.781019775429271423e-02 6.921363309721852153e-02 6.651704172415155714e-02 7.070487809045421235e-02 6.507369782866803676e-02 7.216202695510887111e-02 6.371234668871865459e-02
9.872809999999999642e-01 1.379999999999999893e+01 2.661076296839771871e+00 2.661556204066413578e+00 2.660594387196961286e+00 2.661946642498778548e+00 2.660090054688621919e+00 2.662496263288351095e+00 2.659855840363273494e+00 3.238544230750095010e-01 3.250033775783053303e-01 3.226442349093482376e-01 3.259475028262636687e-01 3.217032250420114869e-01 3.270570559137648270e-01 3.199315386243086756e-01 6.426221667216994171e-02 6.558562245168192417e-02 6.296406733624396179e-02 6.703922036073410584e-02 6.170268180919668416e-02 6.841159610853290995e-02 6.039253194465637326e-02
9.872809999999999642e-01 1.389999999999999858e+01 2.693874036325213162e+00 2.694379496927216344e+00 2.693360466613948567e+00 2.694806776426649453e+00 2.692920664025584276e+00 2.695356085721634098e+00 2.692557636245501040e+00 3.258458524413849755e-01 3.268965507190226827e-01 3.247031352157116468e-01 3.279043014506561882e-01 3.236008359743118290e-01 3.292070421595593155e-01 3.224233215957715837e-01 6.068585665284088881e-02 6.199887750009189930e-02 5.949268962436322916e-02 6.325470155742379808e-02 5.846943834071129109e-02 6.446080486842820090e-02 5.720657385999830535e-02
9.872809999999999642e-01 1.399999999999999822e+01 2.726899817918383206e+00 2.727433452223408050e+00 2.726345571432085446e+00 2.728012719910843931e+00 2.725845063636259447e+00 2.728597424599021437e+00 2.725332594183772272e+00 3.277068361053653289e-01 3.288434702874443172e-01 3.265732613978806209e-01 3.300134177062289953e-01 3.255747723316152475e-01 3.312163425326055677e-01 3.246194745190554842e-01 5.768666764037371636e-02 5.893794493314570559e-02 5.639311466872110740e-02 6.015328271986294245e-02 5.532030378273596061e-02 6.130262869108134283e-02 5.425952562035784438e-02
9.872809999999999642e-01 1.409999999999999787e+01 2.760176035634180458e+00 2.760762319630569728e+00 2.759554743784285780e+00 2.761229807668463376e+00 2.758989401339907666e+00 2.761856466601119831e+00 2.758571498606338768e+00 3.296220735460467788e-01 3.308031101791656381e-01 3.283935248493817238e-01 3.322852807960001709e-01 3.272959566503132467e-01 3.335043057428189739e-01 3.261625259286745626e-01 5.495111222161645770e-02 5.609204902227476336e-02 5.387821110345110409e-02 5.734031479765690914e-02 5.264494804056715771e-02 5.872515011842661253e-02 5.172660562970216036e-02
9.872809999999999642e-01 1.419999999999999751e+01 2.793629159708956866e+00 2.794284911938476501e+00 2.792978003967529155e+00 2.794925672273469885e+00 2.792399372040681893e+00 2.795434270946694610e+00 2.792079990813062018e+00 3.316394636511822425e-01 3.329417019314473425e-01 3.303285094892766671e-01 3.342391601046547089e-01 3.291376652848758688e-01 3.352016186503810058e-01 3.283471432639776255e-01 5.266657668209001608e-02 5.380085936912538253e-02 5.150262082900806254e-02 5.504922300318181028e-02 5.032194067236068352e-02 5.594589748249358813e-02 4.896463645343644699e-02
9.872809999999999642e-01 1.429999999999999716e+01 2.827351050893702311e+00 2.828131366952277848e+00 2.826667979163024924e+00 2.828842116426379949e+00 2.825985436642910020e+00 2.829621928921683960e+00 2.825329426591748572e+00 3.338445733008831295e-01 3.354867724575488763e-01 3.323583934917386795e-01 3.370272271986192725e-01 3.309028152366337294e-01 3.380744314782501148e-01 3.295634730332932527e-01 5.076151639213134087e-02 5.188037340685498072e-02 4.974454120423092013e-02 5.300855487045774694e-02 4.853338188162610589e-02 5.408375069393948908e-02 4.757498766863335615e-02
9.872809999999999642e-01 1.439999999999999680e+01 2.861374168997133260e+00 2.862245851040231770e+00 2.860495355171286391e+00 2.863054825416988525e+00 2.859608903672251401e+00 2.863817722782376229e+00 2.858797443276965389e+00 3.363206137433533138e-01 3.381163707968432575e-01 3.345642237947276665e-01 3.399574592646711912e-01 3.326535662776581859e-01 3.417647305273039393e-01 3.304810802184118268e-01 4.915833899168195464e-02 5.030164698063694512e-02 4.805829319930157717e-02 5.133388744913425922e-02 4.697673066469473108e-02 5.205690105567188641e-02 4.574860749189121889e-02
9.872809999999999642e-01 1.449999999999999645e+01 2.895884946122014192e+00 2.896850799205688443e+00 2.894878380783760807e+00 2.897870230760686727e+00 2.893678748654366029e+00 2.898565954007545908e+00 2.893100335062449791e+00 3.393436235266400480e-01 3.415400531952674235e-01 3.371028937006984583e-01 3.438247209313977093e-01 3.350742733399517670e-01 3.455782021195212272e-01 3.331015723525234673e-01 4.805027227312442389e-02 4.919376913738313789e-02 4.684209403950947287e-02 5.030987668558645903e-02 4.561004974952127117e-02 5.093992154948927265e-02 4.469735032956440729e-02
9.872809999999999642e-01 1.459999999999999609e+01 2.930825687852165906e+00 2.932037503595765759e+00 2.929577785830483005e+00 2.933245171319580624e+00 2.928360352918906173e+00 2.934327699156733082e+00 2.927310170237238829e+00 3.427883186575729768e-01 3.453642089717926522e-01 3.403001777940469763e-01 3.478120081580971523e-01 3.375965572496824607e-01 3.506317655422719337e-01 3.345411938276923736e-01 4.731336370636703842e-02 4.878920639222013300e-02 4.586266245262758667e-02 5.026313073609650628e-02 4.460393778712906654e-02 5.161913438342206201e-02 4.306944028514006484e-02
9.872809999999999642e-01 1.469999999999999574e+01 2.966052151290908157e+00 2.967753662155769412e+00 2.964558327414115624e+00 2.969371208877290780e+00 2.962908180842882100e+00 2.970562693892616402e+00 2.961261627535907603e+00 3.459664693026717752e-01 3.491115084419538217e-01 3.427182990387178108e-01 3.524462891783500251e-01 3.395865865760448465e-01 3.560975323373305468e-01 3.356669794335221946e-01 4.699518764306999385e-02 4.860301213162603745e-02 4.523437463766193101e-02 5.034876200885891190e-02 4.353743491455418224e-02 5.149492390661656455e-02 4.221847022493498830e-02
9.872809999999999642e-01 1.479999999999999538e+01 3.001831677287948974e+00 3.003765071904772821e+00 2.999550878799433384e+00 3.006002114020922544e+00 2.997546611534291028e+00 3.007489611009480424e+00 2.995439225561496777e+00 3.492385038535219532e-01 3.528123778602754168e-01 3.451729160454028444e-01 3.569499357720622990e-01 3.412441465193371548e-01 3.590658986061771030e-01 3.374130016437248969e-01 4.678111520805840889e-02 4.882696287236985844e-02 4.468569932044620663e-02 5.092789822275258643e-02 4.277399594309680420e-02 5.250627839657826673e-02 4.119867712821505268e-02
9.872809999999999642e-01 1.489999999999999503e+01 3.037410653304434049e+00 3.039947338788024034e+00 3.034807818451564998e+00 3.042491674969475923e+00 3.032392191071467735e+00 3.045370859950018883e+00 3.030362533158831084e+00 3.510655309658475276e-01 3.555916333861478540e-01 3.465797982536157895e-01 3.603659394252538006e-01 3.427166945640356399e-01 3.656329994714588860e-01 3.390622963614393637e-01 4.655869062626789151e-02 4.903445865978391799e-02 4.427299956734848801e-02 5.119917939019470732e-02 4.223887226690561242e-02 5.440405415037889020e-02 3.992560051151752137e-02
9.872809999999999642e-01 1.499999999999999467e+01 3.073170817675709543e+00 3.076143764935595382e+00 3.070199565209454917e+00 3.079216626078407071e+00 3.067364423556344200e+00 3.082213779468408354e+00 3.065159215762763623e+00 3.526226386250657652e-01 3.574242102453320524e-01 3.477533176700579598e-01 3.621380055206782078e-01 3.434520665622508018e-01 3.686400599586831528e-01 3.396459391386214555e-01 4.676833078381854164e-02 4.918196715223021459e-02 4.429756720766460376e-02 5.136789312422143650e-02 4.155637739971561329e-02 5.438899685287375968e-02 3.930029487162748497e-02
9.872809999999999642e-01 1.509999999999999432e+01 3.108449954053481790e+00 3.111864458387308741e+00 3.105008096078059943e+00 3.115290010290037603e+00 3.101938145602704644e+00 3.121191361800559783e+00 3.099424670527596959e+00 3.526736308900174643e-01 3.577238373052679665e-01 3.474968132446930591e-01 3.631849475889230017e-01 3.428133870802891336e-01 3.720264768047262249e-01 3.381081633677126552e-01 4.650489787332649783e-02 4.930140086571265651e-02 4.375126816349335368e-02 5.170431372700275141e-02 4.147039721128557149e-02 5.463260517452477733e-02 3.959324465492721629e-02
