# log10(M200c)[Msun] log10(<sigmaDM>)[km/s] log10(sigmaDM)+ log10(sigmaDM)- log10(sigmaDM)++ log10(sigmaDM)-- log10(sigmaDM)+++ log10(sigmaDM)--- <slope> slope+ slope- slope++ slope-- slope+++ slope--- <scatter>[ln] scatter+ scatter- scatter++ scatter-- scatter+++ scatter---
0.000000000000000000e+00 1.350000000000000000e+01 2.474815403630468591e+00 2.475183157623662478e+00 2.474450925987218497e+00 2.475526028422394553e+00 2.474126822177505236e+00 2.475816944637689865e+00 2.473821622954928579e+00 3.210703086419015584e-01 3.222195346410827166e-01 3.199994375722697293e-01 3.231846522908411456e-01 3.190794841020039851e-01 3.241711277442032024e-01 3.181334315563355553e-01 4.114638695450199835e-02 4.211081058825046769e-02 4.023145331372197930e-02 4.313017168203066992e-02 3.938055967094496179e-02 4.423214065635980990e-02 3.859204439859071495e-02
0.000000000000000000e+00 1.359999999999999964e+01 2.507245984925530635e+00 2.507622901807426530e+00 2.506856696142504504e+00 2.508000685085541637e+00 2.506499335433574505e+00 2.508600257956400625e+00 2.505950058219891474e+00 3.228819500471621362e-01 3.239381157973892922e-01 3.218341186848866498e-01 3.248730972983451259e-01 3.208051888816388364e-01 3.260091463362376207e-01 3.194955924915348078e-01 4.098607236821818350e-02 4.188704905772388382e-02 4.009065104805361462e-02 4.297605181744992842e-02 3.933911542470005379e-02 4.396684561246080869e-02 3.858423787967649177e-02
0.000000000000000000e+00 1.369999999999999929e+01 2.539919214116437729e+00 2.540353938077384299e+00 2.539477235204555594e+00 2.540789222455803298e+00 2.539075314522936111e+00 2.541145653415251893e+00 2.538643457697977723e+00 3.248336514841772549e-01 3.258997392607629884e-01 3.237477089166290178e-01 3.269307582004692958e-01 3.226554782115299558e-01 3.283306165562087653e-01 3.215421586501926998e-01 4.082576142719051421e-02 4.174850718535121769e-02 3.990895958706506402e-02 4.268463593298531256e-02 3.902830179048793341e-02 4.376375865081159194e-02 3.843954435817685533e-02
0.000000000000000000e+00 1.379999999999999893e+01 2.572884623972367280e+00 2.573377070160136615e+00 2.572413250969987075e+00 2.573875317934100071e+00 2.571909659832454231e+00 2.574447399331277087e+00 2.571210931208271155e+00 3.268702751880040447e-01 3.280005571143573828e-01 3.257239368927165035e-01 3.290672182511189536e-01 3.245980547524373039e-01 3.302064926596910421e-01 3.230176630326682119e-01 4.057065541833473205e-02 4.155829873058297652e-02 3.974619575936257088e-02 4.249346356376496742e-02 3.892696036519899261e-02 4.326650803335158751e-02 3.769606293583491197e-02
0.000000000000000000e+00 1.389999999999999858e+01 2.606013885664349772e+00 2.606614915024493051e+00 2.605451687825605767e+00 2.607255374263905967e+00 2.604924022556917684e+00 2.607839284537813995e+00 2.604436194653702685e+00 3.288316141331742992e-01 3.301854503168049071e-01 3.275660924492182491e-01 3.315838367239823392e-01 3.263512635448067578e-01 3.330855844605950522e-01 3.251631278803868152e-01 4.051445691332655752e-02 4.146477091150773536e-02 3.952916570969389198e-02 4.241588583083488739e-02 3.859029833848234142e-02 4.321052437941591551e-02 3.758227253653459443e-02
0.000000000000000000e+00 1.399999999999999822e+01 2.639455708769600228e+00 2.640128088555914410e+00 2.638786887647739832e+00 2.640800632460017283e+00 2.638107354359430001e+00 2.641317473538139726e+00 2.637636790594084069e+00 3.308679781786083018e-01 3.322569887604953087e-01 3.294781831416451201e-01 3.336300389410294942e-01 3.281967163851836067e-01 3.347408125913056143e-01 3.267024015155262084e-01 4.040923505229060408e-02 4.154331411256745321e-02 3.940323612491163779e-02 4.237294536645950377e-02 3.847815656023123587e-02 4.347372056588573452e-02 3.775343465180527880e-02
0.000000000000000000e+00 1.409999999999999787e+01 2.673108152466580290e+00 2.673908997084764927e+00 2.672359821292478177e+00 2.674584476579659142e+00 2.671644873085791794e+00 2.675195173280300320e+00 2.670914952297313683e+00 3.328911305865930315e-01 3.343990201400973139e-01 3.314019908899190625e-01 3.357354739075982253e-01 3.297573434119523417e-01 3.373436149465615097e-01 3.285612138016380523e-01 4.037041351990424548e-02 4.155080601098044835e-02 3.913050046149148947e-02 4.271435151663254687e-02 3.796776436404600968e-02 4.351221034776853874e-02 3.682892525696437880e-02
0.000000000000000000e+00 1.419999999999999751e+01 2.706944475132272210e+00 2.707821093746283658e+00 2.706110673777462061e+00 2.708562959611529042e+00 2.705219433195095391e+00 2.709122579231962646e+00 2.704432568172658868e+00 3.347314332761753830e-01 3.363837614760636363e-01 3.330850572271759624e-01 3.378080082577614163e-01 3.315110405782375480e-01 3.386541778401638836e-01 3.298176370210494923e-01 4.022896435759733963e-02 4.159259006641371353e-02 3.901150372496532681e-02 4.296202220609417893e-02 3.771303471119432510e-02 4.414483923826949263e-02 3.648364088225575924e-02
0.000000000000000000e+00 1.429999999999999716e+01 2.740858448863652264e+00 2.741862840357500275e+00 2.739925076694072814e+00 2.742946272404534813e+00 2.738840168083301219e+00 2.743812762517300108e+00 2.737822398664880197e+00 3.366072446894692316e-01 3.384193647086908285e-01 3.346308142655201046e-01 3.404636785874339822e-01 3.326799950453797616e-01 3.425076154727522137e-01 3.306559457352892251e-01 3.986019478821364870e-02 4.137708448109182063e-02 3.836655325249210824e-02 4.291045165969492592e-02 3.685052372079942323e-02 4.399643320121826573e-02 3.587487764491594650e-02
0.000000000000000000e+00 1.439999999999999680e+01 2.775247030771814671e+00 2.776331480538854812e+00 2.774017964336267017e+00 2.777220561688833023e+00 2.773053307887987540e+00 2.778465653129722490e+00 2.771965248845455143e+00 3.385764587270384540e-01 3.406494713685344067e-01 3.363319633404418529e-01 3.426737043602330890e-01 3.340346233496164219e-01 3.440725383285305750e-01 3.321381000839900288e-01 3.936615437203049017e-02 4.094800668161416995e-02 3.779099167969686424e-02 4.236226019182796204e-02 3.645198407028463206e-02 4.358189894118438129e-02 3.543549309568845562e-02
0.000000000000000000e+00 1.449999999999999645e+01 2.809815904601102865e+00 2.811047086592489919e+00 2.808581439936848057e+00 2.812271565446222255e+00 2.807221392033383722e+00 2.813714079216155906e+00 2.806240557145057046e+00 3.409977562517652605e-01 3.432426328763305556e-01 3.384993718234045046e-01 3.457283817167638995e-01 3.358056574856491672e-01 3.476749205117879438e-01 3.335433977448709619e-01 3.863342754622471620e-02 4.017025700146098499e-02 3.692947470037900859e-02 4.191251056602673247e-02 3.548968507486530838e-02 4.482500366583373752e-02 3.381849502435970573e-02
0.000000000000000000e+00 1.459999999999999609e+01 2.844881834808747012e+00 2.846521976605613347e+00 2.843254839257368438e+00 2.848128409480444212e+00 2.841484972940465425e+00 2.849819635794946571e+00 2.840320208966085502e+00 3.436062933095472838e-01 3.465201744903957937e-01 3.406082355588738730e-01 3.495500240729034203e-01 3.375890908943987578e-01 3.525152043453708695e-01 3.343069684010839815e-01 3.770926692496290311e-02 3.938178527566695009e-02 3.603962542737827734e-02 4.121258826677154374e-02 3.433305483197114649e-02 4.285659624996779327e-02 3.276093144774812338e-02
0.000000000000000000e+00 1.469999999999999574e+01 2.880349992894499778e+00 2.882266288893206241e+00 2.878357569513292358e+00 2.884024584983651884e+00 2.876416032105197473e+00 2.885808067004735467e+00 2.874148604358513381e+00 3.465279248575280913e-01 3.499492880992121080e-01 3.429630971292879082e-01 3.529467202523371427e-01 3.395047340312387085e-01 3.557616074141136675e-01 3.355071151966295684e-01 3.640493671259049935e-02 3.830092524585174824e-02 3.461440878786171960e-02 4.012190944742101417e-02 3.292807973173457470e-02 4.223878980546325046e-02 3.192988019249378556e-02
0.000000000000000000e+00 1.479999999999999538e+01 2.916018321856865381e+00 2.918075727016776533e+00 2.913920022852873437e+00 2.920413370652098717e+00 2.911480282764252081e+00 2.922041858890588095e+00 2.909654584945014832e+00 3.493055313186582689e-01 3.529093562107451509e-01 3.455822397202363838e-01 3.564278859687810552e-01 3.415616592745018276e-01 3.612316874803075395e-01 3.388391166789304076e-01 3.523129445481022748e-02 3.710263211241016795e-02 3.323728266101786538e-02 3.881516888836652329e-02 3.140591766739528334e-02 4.093690424370288045e-02 2.962986301354004690e-02
0.000000000000000000e+00 1.489999999999999503e+01 2.952138401029710479e+00 2.954674523025646593e+00 2.949556242140356055e+00 2.956944666398964472e+00 2.947166885463938346e+00 2.959434594583976619e+00 2.943768101240015422e+00 3.521526949651289651e-01 3.561534844792756949e-01 3.477640674308408730e-01 3.596192265036958213e-01 3.437470256271007996e-01 3.631503335908028429e-01 3.382799823177871090e-01 3.388915798508482236e-02 3.589461574663369708e-02 3.193316289119946250e-02 3.770198597299285331e-02 2.995117664645482666e-02 3.995910018647498563e-02 2.802228190107418013e-02
0.000000000000000000e+00 1.499999999999999467e+01 2.988495203592956173e+00 2.991436068363547474e+00 2.985421917047233364e+00 2.994301261724932939e+00 2.982315930681713301e+00 2.997271336043639156e+00 2.980053078673132294e+00 3.544359221346150557e-01 3.587861144615018816e-01 3.495505752652452447e-01 3.635892262104819528e-01 3.450771571193803622e-01 3.674204635248729534e-01 3.388608096957288485e-01 3.233424268202419322e-02 3.463371380432710839e-02 3.023531715865827862e-02 3.701787175768465193e-02 2.830037325836624873e-02 3.936522543147705916e-02 2.631726568335809521e-02
0.000000000000000000e+00 1.509999999999999432e+01 3.024444215813089976e+00 3.027600799804143428e+00 3.021296084835801032e+00 3.031169671272557320e+00 3.017789849642399602e+00 3.034652725140940976e+00 3.013865608344620917e+00 3.557110948028794351e-01 3.603715984543807149e-01 3.510367203846440631e-01 3.662861249291020083e-01 3.457671981640295655e-01 3.734154378813954733e-01 3.416703079153853295e-01 3.083016768846096392e-02 3.329510817301088721e-02 2.858063237812998383e-02 3.576189708671222850e-02 2.633896616118131667e-02 3.848630904576779560e-02 2.396527242341376512e-02
0.000000000000000000e+00 1.519999999999999396e+01 3.060368089808829239e+00 3.064583566093432854e+00 3.057057603566632586e+00 3.069335264144015696e+00 3.052722824724235728e+00 3.076033583952851203e+00 3.048410947871312615e+00 3.564084607843355235e-01 3.628553150010767059e-01 3.512446857465459926e-01 3.699624593634477376e-01 3.449762419621130172e-01 3.784128643293400707e-01 3.387146792377888627e-01 2.918785241786395895e-02 3.154969660498231632e-02 2.658049719035283573e-02 3.450291477521788552e-02 2.407295563483017806e-02 3.732851233185875001e-02 2.195545015677361975e-02
5.030475232448829992e-01 1.350000000000000000e+01 2.518334909953540368e+00 2.518759588769522662e+00 2.517922750606721660e+00 2.519185356394036734e+00 2.517511932170687583e+00 2.519540195453239484e+00 2.517156587689069802e+00 3.226417858275151263e-01 3.239181204899838629e-01 3.213477321620271110e-01 3.251998887644962366e-01 3.198497620360508664e-01 3.265476258670492182e-01 3.185695828178430333e-01 4.499207047128481879e-02 4.573452289391839037e-02 4.428125047718693003e-02 4.643209299323339950e-02 4.362253676209763842e-02 4.683333075571484427e-02 4.280102035861512583e-02
5.030475232448829992e-01 1.359999999999999964e+01 2.550842190265304232e+00 2.551328224300178693e+00 2.550340583391635274e+00 2.551821564150288602e+00 2.549841968989312591e+00 2.552122408229816841e+00 2.549382387187630439e+00 3.238435159941580599e-01 3.251810494057828516e-01 3.224377342350377429e-01 3.266202165938062452e-01 3.211745688594944137e-01 3.276762114991942365e-01 3.201709880183668533e-01 4.492638495205451138e-02 4.572829589391640137e-02 4.412764830138335426e-02 4.650822802181934362e-02 4.347322250576084179e-02 4.712189011494317264e-02 4.263042361797601126e-02
5.030475232448829992e-01 1.369999999999999929e+01 2.583499026316938618e+00 2.584108940967308587e+00 2.582899916865047718e+00 2.584654484759115523e+00 2.582306521037090796e+00 2.585295112948726270e+00 2.581566067093253203e+00 3.251163994419261627e-01 3.265446973327742475e-01 3.236986389422106258e-01 3.277133743664768506e-01 3.223506453748014589e-01 3.294085784743739920e-01 3.211895507138431416e-01 4.478921319957654412e-02 4.560332646479503538e-02 4.398239109471998448e-02 4.636947096272886482e-02 4.309994606648046012e-02 4.731908611247407498e-02 4.223282400739351156e-02
5.030475232448829992e-01 1.379999999999999893e+01 2.616487276184855659e+00 2.617160273200118681e+00 2.615827871568967122e+00 2.617815402711045181e+00 2.615141815436851314e+00 2.618372764218875659e+00 2.614438277902045193e+00 3.268763481820257111e-01 3.282518963190579897e-01 3.254768249905495292e-01 3.297504988862207664e-01 3.240167290092876851e-01 3.313659788570416098e-01 3.227193234284245205e-01 4.469984470587828884e-02 4.560905598770555874e-02 4.370287749603299354e-02 4.656957677520609518e-02 4.284323944361553838e-02 4.737445099761735529e-02 4.174206698591560738e-02
5.030475232448829992e-01 1.389999999999999858e+01 2.649742932489006719e+00 2.650502379259738195e+00 2.648949847275249070e+00 2.651301461480859434e+00 2.648215953406067413e+00 2.652073320913585164e+00 2.647543239709700735e+00 3.288545706033946248e-01 3.304457988104271271e-01 3.271474573200646163e-01 3.319270050963658014e-01 3.255738122363960318e-01 3.336481165062112897e-01 3.243482900568997462e-01 4.452877192988898697e-02 4.546582986626154094e-02 4.356275548811388426e-02 4.645205334743738451e-02 4.250825693325510635e-02 4.760832042930262381e-02 4.132672116419455755e-02
5.030475232448829992e-01 1.399999999999999822e+01 2.683222797429286821e+00 2.684157773853818263e+00 2.682386884901849289e+00 2.684888542482077423e+00 2.681555997099168032e+00 2.685648413270714130e+00 2.680715384531940693e+00 3.309092755922135032e-01 3.325899286959178025e-01 3.292630490848087454e-01 3.341499674063214131e-01 3.276599423744591677e-01 3.360360351495587095e-01 3.259513238436125837e-01 4.404661743309502137e-02 4.514810184795812337e-02 4.299119906883624304e-02 4.627749270415945637e-02 4.190196832090185147e-02 4.729139890567195942e-02 4.095634554861558169e-02
5.030475232448829992e-01 1.409999999999999787e+01 2.716995402502367263e+00 2.717982441782643921e+00 2.715887288230719232e+00 2.718991188785873980e+00 2.714870755873250996e+00 2.720015359410881572e+00 2.713901254770244797e+00 3.330136582924845268e-01 3.349864287957260434e-01 3.310124039076083879e-01 3.371446909607571651e-01 3.289325698487285399e-01 3.387130161183012911e-01 3.275756532316795866e-01 4.373795296408077710e-02 4.484881185312698110e-02 4.240051634903455741e-02 4.606491555763894685e-02 4.132806333825430473e-02 4.781847303352954048e-02 3.985980305566045462e-02
5.030475232448829992e-01 1.419999999999999751e+01 2.750978227304993862e+00 2.752281904655111688e+00 2.749725033072091929e+00 2.753441346848530369e+00 2.748580494638188210e+00 2.754404082262791320e+00 2.747563212367410301e+00 3.351618879427469277e-01 3.375730847536000945e-01 3.326262875400352037e-01 3.397584610512598968e-01 3.304241330657030074e-01 3.414400446213066154e-01 3.288968719111473593e-01 4.307853752628888061e-02 4.431396047440387675e-02 4.164648628172163553e-02 4.581300113121496154e-02 4.029923710584239205e-02 4.708671290792103975e-02 3.911606547910765480e-02
5.030475232448829992e-01 1.429999999999999716e+01 2.785305752314330974e+00 2.786842565390261761e+00 2.783943906757453846e+00 2.788235499807897089e+00 2.782440766526583342e+00 2.789319815286407156e+00 2.781071666416477406e+00 3.373512851528299716e-01 3.402958691100835265e-01 3.344496920081110325e-01 3.425160172839352146e-01 3.315800808961711366e-01 3.464142995764581956e-01 3.297228608608849809e-01 4.241335289455090002e-02 4.384889916272362992e-02 4.101303738745602084e-02 4.537717182125133170e-02 3.952758262799246219e-02 4.684714949889835084e-02 3.810429728788270604e-02
5.030475232448829992e-01 1.439999999999999680e+01 2.820022080999614822e+00 2.821885616280369824e+00 2.818172266644962676e+00 2.823477539362118982e+00 2.816223191871522147e+00 2.825282328583291758e+00 2.815077992100914361e+00 3.399439375115806405e-01 3.434681126527722173e-01 3.363933687832473263e-01 3.463951690553430662e-01 3.328210888727951011e-01 3.492372055573982337e-01 3.300493267018904664e-01 4.183034929770033938e-02 4.331827493012022773e-02 4.018879468366143293e-02 4.485707804827369916e-02 3.884848541840058012e-02 4.650732147972369557e-02 3.686033291675470946e-02
5.030475232448829992e-01 1.449999999999999645e+01 2.854647342413236810e+00 2.857307074056893992e+00 2.852215477736165905e+00 2.859302046143031184e+00 2.849512792487674417e+00 2.862951990934984536e+00 2.848144035025281795e+00 3.416958403761611862e-01 3.463407522783835124e-01 3.372706554981740878e-01 3.500179268044836811e-01 3.324554982653711299e-01 3.566552663226277842e-01 3.275694090805313374e-01 4.132153068466173917e-02 4.311547701749551126e-02 3.958631113931802836e-02 4.491006432807908427e-02 3.797434279994105905e-02 4.640735762245772750e-02 3.654154754859197107e-02
5.030475232448829992e-01 1.459999999999999609e+01 2.889818944814684265e+00 2.892907320885528932e+00 2.886595775411942455e+00 2.895670875361748386e+00 2.883750275794602747e+00 2.899247360944801954e+00 2.881029174057704978e+00 3.439052634251498763e-01 3.493719703734672333e-01 3.382723467811138418e-01 3.548887462128645365e-01 3.324202056460238697e-01 3.593558426441923470e-01 3.285930616020265038e-01 4.120539419039315893e-02 4.333311756261477160e-02 3.921688847580385301e-02 4.563842839456725559e-02 3.722686886339285350e-02 4.693144655138412752e-02 3.525251773297081309e-02
5.030475232448829992e-01 1.469999999999999574e+01 2.924834934999301694e+00 2.929103039749715087e+00 2.920448307191660042e+00 2.933025126552394557e+00 2.915770985576022767e+00 2.937320934612811296e+00 2.912007090106905505e+00 3.451567057381762504e-01 3.524996225470395372e-01 3.381286826218008468e-01 3.591366834329721702e-01 3.308979996116340194e-01 3.657112335942953596e-01 3.247157702196715734e-01 4.160516817089980612e-02 4.414355937143954467e-02 3.886409579939621023e-02 4.655160278497896126e-02 3.638294272536811425e-02 4.932539627812410760e-02 3.481137302844350412e-02
5.030475232448829992e-01 1.479999999999999538e+01 2.959646424513256768e+00 2.964507292176101316e+00 2.954092716385639861e+00 2.971207753645389360e+00 2.948543999108792057e+00 2.976700920829218333e+00 2.944940310027384989e+00 3.454751391189895271e-01 3.542090608369557470e-01 3.370337206971105726e-01 3.644893794876594151e-01 3.289569242081890610e-01 3.733515028455194340e-01 3.217085633665797695e-01 4.166006644356302913e-02 4.511335262625770781e-02 3.873911944334793023e-02 4.808358259666409978e-02 3.546476566865852664e-02 5.141051402435539014e-02 3.317964838500257058e-02
5.030475232448829992e-01 1.489999999999999503e+01 2.992638551658795887e+00 3.000160009543793471e+00 2.985931406929711596e+00 3.008343114370307436e+00 2.980853721556418368e+00 3.015219039944291524e+00 2.974656231721180433e+00 3.425514209161187873e-01 3.542995420321756739e-01 3.325212941587902815e-01 3.681552732756881996e-01 3.261200698230732331e-01 3.769246480712551417e-01 3.182321998564582310e-01 4.219190058507810842e-02 4.647548681934332571e-02 3.854710372793304640e-02 4.976836975808136831e-02 3.502947686264901161e-02 5.378406277368086297e-02 3.204154654024089083e-02
5.030475232448829992e-01 1.499999999999999467e+01 3.024624819526170683e+00 3.034487428140825394e+00 3.017393013227795517e+00 3.048873608571733840e+00 3.012273243354776309e+00 3.053685648362268523e+00 3.006845081653084062e+00 3.372553029542501579e-01 3.525117143589411861e-01 3.270534143610999700e-01 3.722830136099460896e-01 3.210548370074524094e-01 3.831849544160022547e-01 3.142283070883893359e-01 4.280363780515927113e-02 4.711087924828838425e-02 3.853409627377037822e-02 5.153701340051482227e-02 3.418132588386747078e-02 5.638602809376909442e-02 3.101268668906939988e-02
5.030475232448829992e-01 1.509999999999999432e+01 3.053824974469956821e+00 3.069147659304937381e+00 3.047158377759433545e+00 3.088975804977364792e+00 3.042049546799910242e+00 3.101188430853810019e+00 3.036061148685196720e+00 3.283635662004609213e-01 3.520484574820910151e-01 3.195804799512544925e-01 3.789384171805039170e-01 3.134635594604474607e-01 3.952636566798233830e-01 3.079406828946933405e-01 4.281134963009416289e-02 4.801694557745601888e-02 3.762288225851733586e-02 5.321904564691643663e-02 3.197581283583778022e-02 5.731407395888032247e-02 2.731206459830072195e-02
9.972942257819400469e-01 1.350000000000000000e+01 2.563088492545064767e+00 2.563691253388606484e+00 2.562468426427257029e+00 2.564345191297481286e+00 2.561842782229573512e+00 2.565129283275070726e+00 2.561200572844171575e+00 3.248204379859663260e-01 3.268350584015381477e-01 3.227422101102661589e-01 3.285743629441945646e-01 3.209698659971098045e-01 3.304903338573521587e-01 3.190122383318498844e-01 4.724009989208428906e-02 4.822852926265888684e-02 4.637825045698556331e-02 4.925085815240670684e-02 4.548708219210401832e-02 4.984262252200781507e-02 4.475582010950617667e-02
9.972942257819400469e-01 1.359999999999999964e+01 2.595874905501562857e+00 2.596622756844104263e+00 2.595184088481333529e+00 2.597334122832529957e+00 2.594484433004179635e+00 2.597930614152946127e+00 2.593831169281866522e+00 3.260626389030545358e-01 3.280359407593927967e-01 3.241288584735520506e-01 3.298871580635250322e-01 3.218573210352891345e-01 3.321717880888609420e-01 3.206491269985207171e-01 4.748254976199749178e-02 4.838470486780503677e-02 4.651322511485423555e-02 4.944422025117763131e-02 4.567157798278601716e-02 5.041894016528674499e-02 4.485641517777708837e-02
9.972942257819400469e-01 1.369999999999999929e+01 2.628871434306907950e+00 2.629778832466708849e+00 2.628030763683196547e+00 2.630594774488768994e+00 2.627169282713954335e+00 2.631673937087494419e+00 2.626262473508273132e+00 3.276045957005302434e-01 3.298042868665314042e-01 3.255298712435708008e-01 3.318369873248970814e-01 3.235263889925881764e-01 3.342140925296485099e-01 3.216367302169961251e-01 4.785675859343189315e-02 4.885788706844255286e-02 4.673250915774624509e-02 5.009435536462478883e-02 4.569839375604722864e-02 5.126967437606230749e-02 4.464894120003747024e-02
9.972942257819400469e-01 1.379999999999999893e+01 2.662334250739762709e+00 2.663415898189296804e+00 2.661230711101169710e+00 2.664388897669684120e+00 2.660242538379789856e+00 2.665356087532108287e+00 2.659378299140472635e+00 3.297967946999135203e-01 3.321649110613927869e-01 3.274482713867965522e-01 3.340035320132727081e-01 3.254303770922334360e-01 3.351805522932037595e-01 3.234511972925783740e-01 4.807946946248613240e-02 4.928524984282395272e-02 4.688399040407500301e-02 5.044133323318015366e-02 4.591777801796478875e-02 5.143315666072360154e-02 4.490107844089696182e-02
9.972942257819400469e-01 1.389999999999999858e+01 2.696089315335008063e+00 2.697336656612857375e+00 2.694809848143304709e+00 2.698672488950172088e+00 2.693497000908825711e+00 2.699723153124093500e+00 2.692046350415641776e+00 3.321573584881459817e-01 3.346704510090851015e-01 3.295825309401318459e-01 3.372101134238663089e-01 3.273680483235506533e-01 3.390041373486882836e-01 3.241511622691015115e-01 4.844936863909789226e-02 4.966813033712939168e-02 4.716480594185062242e-02 5.119245181262199046e-02 4.603076369731334133e-02 5.215980511779596401e-02 4.484366588412694310e-02
9.972942257819400469e-01 1.399999999999999822e+01 2.729953270036750368e+00 2.731560951160253659e+00 2.728386320227267348e+00 2.732914410858392706e+00 2.726854682283319065e+00 2.734043768047694112e+00 2.725500620816961650e+00 3.341581180026979569e-01 3.369319596070990963e-01 3.313676714964657322e-01 3.394538092538963436e-01 3.283554711763891909e-01 3.413995588264062686e-01 3.258638111742781507e-01 4.882732207650001405e-02 5.028929151033444817e-02 4.731578765649478713e-02 5.177370873634058041e-02 4.610836282110566259e-02 5.284083934033124985e-02 4.484737991994493245e-02
9.972942257819400469e-01 1.409999999999999787e+01 2.764063769721538222e+00 2.765948425301553382e+00 2.762199066674646986e+00 2.767907239631957950e+00 2.760126226735542865e+00 2.769660241482190699e+00 2.758237718748877576e+00 3.358071375766348843e-01 3.392843708010603865e-01 3.324881102742271999e-01 3.425901999334791115e-01 3.289339300908042940e-01 3.454069452250692063e-01 3.246686011853187614e-01 4.905901607997448927e-02 5.072564213790375226e-02 4.744102526598929087e-02 5.255491836159557895e-02 4.586054574292607044e-02 5.347845753400090607e-02 4.427961686008238112e-02
9.972942257819400469e-01 1.419999999999999751e+01 2.797495139585226553e+00 2.799991463999572439e+00 2.795266697520672139e+00 2.802264055001847609e+00 2.793097659723726256e+00 2.804443863879113152e+00 2.790490222374758744e+00 3.357026260473876533e-01 3.399103327677543973e-01 3.317043140991440819e-01 3.437396598339489406e-01 3.276367554126818904e-01 3.476267223889371594e-01 3.219611348895520253e-01 4.921748045689900569e-02 5.109479792523743263e-02 4.718899674017043577e-02 5.285877051906211210e-02 4.529375050790318546e-02 5.452542179150959845e-02 4.393135952681778700e-02
9.972942257819400469e-01 1.429999999999999716e+01 2.830449526408012950e+00 2.833391892981496962e+00 2.827599457855920928e+00 2.836149463840303753e+00 2.824876281458633898e+00 2.840133312728760018e+00 2.822157268765427052e+00 3.341842483689534959e-01 3.392700574414613257e-01 3.295673720873600887e-01 3.436830148724804856e-01 3.248957558232759557e-01 3.500461669217402316e-01 3.207153473216829420e-01 4.905974234688706415e-02 5.115438688251168486e-02 4.693954909451027863e-02 5.319525100284463320e-02 4.485220913973093221e-02 5.496476550289927654e-02 4.267243655866281848e-02
9.972942257819400469e-01 1.439999999999999680e+01 2.862585319953057983e+00 2.866217984725110135e+00 2.859114087352556233e+00 2.870092207337670676e+00 2.856163155192970038e+00 2.874359670535224787e+00 2.852344994838742931e+00 3.310854886905209016e-01 3.368498624680338338e-01 3.256535221007574865e-01 3.432063984094589348e-01 3.207500801737031559e-01 3.481864829078842316e-01 3.145843834567105812e-01 4.884296867444930246e-02 5.131470297189334728e-02 4.624452913268934512e-02 5.350965257915930168e-02 4.363714667983229628e-02 5.606455537960355895e-02 4.197279640358841241e-02
9.972942257819400469e-01 1.449999999999999645e+01 2.893617726979235805e+00 2.898414146350684284e+00 2.889774570293564437e+00 2.902914346499312792e+00 2.885647608095302186e+00 2.907608079781405230e+00 2.882288725972792509e+00 3.264769806537016761e-01 3.340113751079946125e-01 3.206238316140752609e-01 3.403312096869756109e-01 3.146447763823336241e-01 3.492580417386182967e-01 3.106034994311908104e-01 4.815214924551143583e-02 5.087829306456201350e-02 4.549108245799451250e-02 5.381440334473375914e-02 4.251840524328351356e-02 5.755901158438984921e-02 3.982223636276992912e-02
9.972942257819400469e-01 1.459999999999999609e+01 2.923953618553671419e+00 2.929134208518570315e+00 2.918853691904734760e+00 2.934503827131150988e+00 2.914592478583587276e+00 2.941829092759387976e+00 2.909796051918165816e+00 3.214235164346982976e-01 3.296361237542693168e-01 3.138215325679820644e-01 3.381330571831218101e-01 3.075013854036718342e-01 3.489226961023331741e-01 3.021261896263405244e-01 4.689636779336622818e-02 5.028448059647597917e-02 4.394581857442854400e-02 5.313678381658318989e-02 4.116589241031207852e-02 5.632866982749239193e-02 3.885374011587842957e-02
9.972942257819400469e-01 1.469999999999999574e+01 2.952440103017677231e+00 2.959669356445034261e+00 2.946532433274279050e+00 2.966803256446779447e+00 2.942170218945188154e+00 2.974595477843036129e+00 2.937180904565408035e+00 3.148146312087797272e-01 3.262479540729142369e-01 3.059989455846807704e-01 3.353684270335584583e-01 2.993030380493525433e-01 3.456345819063795233e-01 2.952601363756712782e-01 4.536320415857131999e-02 4.891570575550547445e-02 4.197803401400192896e-02 5.220531495590592652e-02 3.943817327466795503e-02 5.593486578628922151e-02 3.612267740800712001e-02
9.972942257819400469e-01 1.479999999999999538e+01 2.981802249104811509e+00 2.992095174150081860e+00 2.973510503573060682e+00 2.999365297079456649e+00 2.968708979609871790e+00 3.004133857175185440e+00 2.965457211823991468e+00 3.108583736059645775e-01 3.260553473526232038e-01 2.990727811679202985e-01 3.350609835791296121e-01 2.924036496200106972e-01 3.409089680052500015e-01 2.862095123911319039e-01 4.329320001621830144e-02 4.674746663088716336e-02 3.969482228316475320e-02 5.094979528261382729e-02 3.696256335757229505e-02 5.661528416566145167e-02 3.449859000360992051e-02
