# log10(M200c)[Msun] log10(<sigmaDM>)[km/s] log10(sigmaDM)+ log10(sigmaDM)- log10(sigmaDM)++ log10(sigmaDM)-- log10(sigmaDM)+++ log10(sigmaDM)--- <slope> slope+ slope- slope++ slope-- slope+++ slope--- <scatter>[ln] scatter+ scatter- scatter++ scatter-- scatter+++ scatter---
3.162277660168379297e+13 3.754826487160141255e+02 3.753026665711731766e+02 3.756615390711569944e+02 3.751226351547508671e+02 3.758064017797048564e+02 3.749050777008283148e+02 3.759514877237191968e+02 3.063515813857773384e-01 3.056199046792614227e-01 3.070314982457245101e-01 3.049288204464471463e-01 3.076592065721154845e-01 3.043050093207325668e-01 3.082948348155762908e-01 5.248243028403705435e-02 5.209327784706200420e-02 5.287921833123220700e-02 5.179257862277614893e-02 5.333811645076873970e-02 5.142513942419502104e-02 5.390058421473947758e-02
3.981071705534969531e+13 4.033851677617817018e+02 4.031641959471440373e+02 4.036088062081715293e+02 4.029501122697744790e+02 4.038416229813003042e+02 4.027919638646336011e+02 4.040596315564009728e+02 3.085079736860122379e-01 3.078413100489620358e-01 3.091480940790941601e-01 3.072309719161903097e-01 3.097859906838746902e-01 3.068042868285760227e-01 3.104329406980540496e-01 5.149873729126713123e-02 5.111739617599562330e-02 5.190158238429419535e-02 5.076783701203860938e-02 5.232303609964109037e-02 5.043697870564175373e-02 5.272430624258812176e-02
5.011872336272714844e+13 4.337655602207692027e+02 4.335060226724185100e+02 4.340291691850786719e+02 4.332157710099998553e+02 4.343152397125861626e+02 4.327781567846728308e+02 4.346001867685724278e+02 3.110237910552732243e-01 3.104342053910530419e-01 3.117318988083576659e-01 3.097596371550872529e-01 3.123630782547919815e-01 3.090483919483935082e-01 3.129030165999253654e-01 5.050810954563417221e-02 5.013695634944372037e-02 5.093489377684359831e-02 4.973766874890729606e-02 5.133174128857396351e-02 4.927714981899149888e-02 5.173760878918253620e-02
6.309573444801917188e+13 4.668892385052548093e+02 4.665209687839592334e+02 4.672205671738381625e+02 4.662335350637382021e+02 4.675340478126586845e+02 4.659782603803755592e+02 4.679949983560381952e+02 3.139284653562453009e-01 3.131919772694397031e-01 3.145839241025593092e-01 3.126536788586378735e-01 3.152797751366279710e-01 3.121412752671428592e-01 3.159855805713818189e-01 4.948997072071140146e-02 4.910768759582928578e-02 4.990884886659451014e-02 4.876210777723072320e-02 5.034732339384734995e-02 4.836585417523939917e-02 5.075045848235763823e-02
7.943282347242789062e+13 5.030811038418527232e+02 5.026391369975275438e+02 5.034855323652292896e+02 5.022167525315761054e+02 5.038751606528090861e+02 5.018241778583153518e+02 5.043471412825017524e+02 3.171411428730651072e-01 3.164116473319348866e-01 3.178106384698350939e-01 3.157215433374683244e-01 3.184441284083737722e-01 3.150047450532441617e-01 3.193276624709666667e-01 4.860262562777075551e-02 4.815659370437518072e-02 4.902693849629099349e-02 4.770793840499226723e-02 4.937527913926217232e-02 4.736696097052567334e-02 4.972422639390355198e-02
9.999999999999959375e+13 5.425956068988198240e+02 5.420825673509855278e+02 5.431203553813661529e+02 5.415905009337154752e+02 5.436235591416063926e+02 5.411647890428647543e+02 5.442480639133397062e+02 3.206459269657265243e-01 3.198456136360351421e-01 3.214132913022864080e-01 3.191066333171953540e-01 3.221935958636432673e-01 3.183743317045505394e-01 3.229695750357445272e-01 4.774298528196335711e-02 4.726124255087300885e-02 4.822370300124767528e-02 4.691925138922050514e-02 4.871856348573005979e-02 4.642935017585300000e-02 4.943234447195374998e-02
1.258925411794161094e+14 5.858616541034505190e+02 5.851860886885258424e+02 5.865267081214221889e+02 5.846218939961240721e+02 5.872549145860738236e+02 5.839988092641078765e+02 5.880841150639979560e+02 3.243368995126852394e-01 3.234834355222202529e-01 3.252393372733106691e-01 3.226302270303498254e-01 3.261209794269487316e-01 3.217169876018945440e-01 3.268507910667708405e-01 4.704999710304193228e-02 4.656007105406977098e-02 4.759027101282251038e-02 4.597708375728751240e-02 4.816307417646007588e-02 4.550187040153083617e-02 4.860032025514688520e-02
1.584893192461104375e+14 6.330826329266648145e+02 6.323163366099729501e+02 6.338833418666395119e+02 6.315437218346393138e+02 6.346572546894630023e+02 6.309318477033660884e+02 6.354427279101712429e+02 3.280378526032627362e-01 3.270755156378020723e-01 3.290366869135435413e-01 3.263007298309625326e-01 3.299313946504099926e-01 3.254441633412110124e-01 3.309652286417291145e-01 4.648385719697109564e-02 4.592377808713239695e-02 4.709077709785019356e-02 4.533625554746521097e-02 4.775523067242199576e-02 4.492654571342257624e-02 4.819128996998474357e-02
1.995262314968866562e+14 6.845579530591587627e+02 6.835653268979932591e+02 6.856274009916753585e+02 6.825863021671090110e+02 6.867550506496945673e+02 6.813126556608766577e+02 6.877483036109938439e+02 3.315407210510546987e-01 3.303671553644447201e-01 3.327915232780089827e-01 3.293237299899258175e-01 3.341579627795956964e-01 3.278321497083876990e-01 3.350347650095862884e-01 4.611951891899793154e-02 4.541934628930906215e-02 4.682994403312585457e-02 4.478864712097568174e-02 4.749774310459035226e-02 4.418030355742078030e-02 4.803040252752546063e-02
2.511886431509561562e+14 7.405030456650856650e+02 7.392556035450638774e+02 7.418789746560281628e+02 7.378104490158093540e+02 7.431998124283237530e+02 7.366090337855515600e+02 7.446101498647251447e+02 3.344711935677479042e-01 3.331503496805224840e-01 3.359257183591594087e-01 3.318770009265348819e-01 3.372413000595682608e-01 3.304637297707905264e-01 3.388979458378827969e-01 4.596414015572235917e-02 4.505545609206842994e-02 4.677796697415202709e-02 4.414837813725199650e-02 4.766092071041252293e-02 4.315433509686181224e-02 4.848598370487604281e-02
3.162277660168353750e+14 8.010047938453319603e+02 7.994257154459975254e+02 8.026368996971884826e+02 7.978203424573765687e+02 8.042957461912325243e+02 7.963660190612755514e+02 8.060413205857948924e+02 3.367076168661634616e-01 3.350485540957116037e-01 3.382541923684171392e-01 3.337074740566547404e-01 3.398722832190982368e-01 3.316817307214529054e-01 3.409647111491466154e-01 4.574082732511677851e-02 4.474266517105347091e-02 4.680100725104512777e-02 4.384931209234001898e-02 4.778844421420617994e-02 4.282561661055788588e-02 4.873571986379401921e-02
3.981071705534936875e+14 8.663707415266726457e+02 8.641969906906371079e+02 8.684306732027008593e+02 8.622878151852811470e+02 8.709138282994932752e+02 8.601803746869755969e+02 8.731791360372716326e+02 3.378880923219544363e-01 3.359499633884779346e-01 3.398048774150834173e-01 3.338703730136258208e-01 3.420462989988816149e-01 3.325940393406513484e-01 3.438921908016783213e-01 4.579641608920291540e-02 4.461412183043977908e-02 4.704763215138105942e-02 4.352073388519343833e-02 4.832176370569833679e-02 4.209639607823145724e-02 4.945344427058305514e-02
5.011872336272673750e+14 9.369312566020387294e+02 9.342805915777996688e+02 9.393805840200077455e+02 9.312067695139792249e+02 9.421175701475766573e+02 9.298204162640541881e+02 9.444962283832395542e+02 3.384177022018624026e-01 3.361354460296542834e-01 3.404819793431701491e-01 3.335994590088017242e-01 3.429702160782169829e-01 3.316521819063903420e-01 3.451402183206834784e-01 4.593435106541675361e-02 4.466125802273800127e-02 4.738204257563801564e-02 4.337645471772539479e-02 4.858659808953107867e-02 4.179062583021297267e-02 5.023137419873042325e-02
6.309573444801865000e+14 1.012232812395081282e+03 1.008756092729132774e+03 1.015718330902764137e+03 1.005673154699869656e+03 1.019098299805003762e+03 1.001927647228040769e+03 1.022617684580868513e+03 3.380345459489542681e-01 3.351103519855581081e-01 3.406295067436259649e-01 3.322341266379293945e-01 3.435837386861958498e-01 3.292191900124574744e-01 3.461969747619905169e-01 4.597568869823981386e-02 4.444582286965589185e-02 4.754685009558021203e-02 4.310634673068677869e-02 4.896197782184477654e-02 4.181579766943201160e-02 5.078917562117570700e-02
7.943282347242723750e+14 1.093918667778696317e+03 1.089024967862608264e+03 1.098873292820080451e+03 1.084482011971350175e+03 1.104097611379285354e+03 1.081025925880860086e+03 1.111022512348587952e+03 3.375611579417496788e-01 3.338351734937915483e-01 3.412457262003217306e-01 3.301050489288799850e-01 3.448460412256864616e-01 3.280499193702285932e-01 3.499274997293856382e-01 4.606539701806135201e-02 4.432669733668626044e-02 4.780847699155382768e-02 4.236615301975688030e-02 4.956179480560277822e-02 4.143555853111451776e-02 5.141400297486405091e-02
9.999999999999877500e+14 1.182342628405168171e+03 1.175676551169882487e+03 1.188671664032830449e+03 1.169492315433064505e+03 1.196400178642260244e+03 1.164658364274548831e+03 1.202912110111893526e+03 3.376803573536013570e-01 3.331223548619918762e-01 3.422809715379444007e-01 3.289092280287356784e-01 3.468969328231956140e-01 3.255096756402994229e-01 3.512238267492552302e-01 4.610278094161870260e-02 4.415951784472468833e-02 4.792974967504978756e-02 4.225576589183323295e-02 4.979457116571769232e-02 4.102595551558166354e-02 5.118825509374917010e-02
1.258925411794150750e+15 1.279629531525618404e+03 1.270118946108734690e+03 1.290355799097950467e+03 1.259944485556974087e+03 1.299326449280420320e+03 1.253382591900917305e+03 1.311619723689255125e+03 3.393998242439356661e-01 3.329877922063866347e-01 3.457623577716910646e-01 3.271052802479136323e-01 3.517819560356327258e-01 3.230166039103049003e-01 3.567913010857415301e-01 4.630924493214148147e-02 4.427898521313941571e-02 4.816034249510686011e-02 4.202183632861838936e-02 5.024445682301843102e-02 4.033030186593172806e-02 5.216523922395876339e-02
1.584893192461091500e+15 1.389308149318146434e+03 1.373077722621630301e+03 1.403155900190602097e+03 1.356732667403451160e+03 1.417492092367806208e+03 1.343499699414654970e+03 1.431262405232651417e+03 3.430746309894606161e-01 3.339679473184141711e-01 3.505678005988446255e-01 3.255705197208903501e-01 3.583258305410082500e-01 3.174990288333709443e-01 3.657385186642493902e-01 4.622614347394952972e-02 4.396985492655987315e-02 4.831353642061717718e-02 4.130276786836927644e-02 5.043131030369457646e-02 3.917502952109019887e-02 5.180106293638081505e-02
1.995262314968850250e+15 1.515029780785141156e+03 1.489300843302733711e+03 1.539040561018603739e+03 1.463815369082038615e+03 1.556459965814837233e+03 1.443185865269504120e+03 1.576841778456669317e+03 3.499079375263313141e-01 3.372559474606613428e-01 3.608393098383764208e-01 3.252027322323967073e-01 3.689695932481466545e-01 3.160920761823641234e-01 3.749333159285763717e-01 4.600651733135618232e-02 4.348116675458661012e-02 4.863245957477689563e-02 4.088810254915269116e-02 5.119224623999485413e-02 3.794241908882940023e-02 5.353778059578644111e-02
