# log10(M200c)[Msun] log10(<sigmaDM>)[km/s] log10(sigmaDM)+ log10(sigmaDM)- log10(sigmaDM)++ log10(sigmaDM)-- log10(sigmaDM)+++ log10(sigmaDM)--- <slope> slope+ slope- slope++ slope-- slope+++ slope--- <scatter>[ln] scatter+ scatter- scatter++ scatter-- scatter+++ scatter---
3.162277660168379297e+13 3.371609299731611031e+02 3.366661743955131101e+02 3.376289263971063406e+02 3.362530182852583494e+02 3.381562450455400040e+02 3.359247100186252055e+02 3.386866310623533423e+02 3.089707316352909294e-01 3.067725901685893208e-01 3.109775554045400847e-01 3.047279618793010125e-01 3.128996776150917425e-01 3.029089520511328848e-01 3.144618015653936616e-01 1.216187007720061358e-01 1.181421486346501820e-01 1.252545655442513228e-01 1.149222044072473886e-01 1.285292227080935823e-01 1.118189324174812260e-01 1.314732220056614997e-01
3.981071705534969531e+13 3.621746633337082812e+02 3.616986848542429698e+02 3.627252470593873568e+02 3.611539093571613535e+02 3.632523650373292980e+02 3.606393696713009831e+02 3.637213136459074576e+02 3.103186760169855951e-01 3.086190102357719289e-01 3.121294711257464050e-01 3.069874222261153585e-01 3.138045368607769170e-01 3.045633668861108534e-01 3.155988045645486406e-01 1.155602827025336565e-01 1.120028091648730961e-01 1.189551795293330855e-01 1.091088328043398198e-01 1.223651813256409759e-01 1.066860583135945811e-01 1.253165545035653528e-01
5.011872336272714844e+13 3.893956627391571033e+02 3.888338307692063154e+02 3.899704669128178125e+02 3.883034904346307599e+02 3.905213358088338396e+02 3.878493081310843422e+02 3.909866890873170746e+02 3.124439405374638268e-01 3.107204285364837393e-01 3.139316410052935269e-01 3.092911740259541298e-01 3.155985316460195311e-01 3.078539642660564901e-01 3.170748020076961105e-01 1.087713442551858645e-01 1.055671984413314030e-01 1.121921244253513833e-01 1.024122991511088321e-01 1.151614415706534028e-01 9.948492561684471602e-02 1.192228946354832453e-01
6.309573444801917188e+13 4.190115439317599453e+02 4.184321502107279684e+02 4.196711359109211230e+02 4.177683622228075251e+02 4.202799069944542225e+02 4.173183755688654628e+02 4.209827303726086143e+02 3.152209943711961615e-01 3.138176747621150842e-01 3.167477606483500852e-01 3.124302724071348347e-01 3.181558888952336073e-01 3.106409362014067033e-01 3.200381219038165304e-01 1.013597184647964666e-01 9.802470490774131684e-02 1.046860632469142072e-01 9.482109290605465757e-02 1.079313283957231556e-01 9.223260907128723318e-02 1.117522709985618173e-01
7.943282347242789062e+13 4.511624156945962341e+02 4.505034814857579590e+02 4.518154278212270469e+02 4.499055418134786350e+02 4.525239517914564544e+02 4.492418658150251645e+02 4.530747196700233417e+02 3.182878990715131695e-01 3.169031875305060586e-01 3.198932566776083175e-01 3.155129260348945586e-01 3.213469150147847953e-01 3.141537916378360773e-01 3.222535488731484987e-01 9.367325832037755318e-02 9.063104083566633773e-02 9.678767754007906732e-02 8.832707371929965356e-02 1.000244116977376391e-01 8.621797648208466558e-02 1.041553424832519781e-01
9.999999999999959375e+13 4.864887522699183364e+02 4.857649133172171219e+02 4.872430248602192364e+02 4.849575323150176018e+02 4.879873358469326377e+02 4.844521735569366001e+02 4.884911195487266014e+02 3.219074172015741198e-01 3.204263658564232009e-01 3.234263619296237624e-01 3.188448172417487902e-01 3.248285556572322874e-01 3.178118684451852749e-01 3.263487516239985675e-01 8.649865831418905582e-02 8.380805702583619954e-02 8.971204316049040395e-02 8.141380333403878955e-02 9.252857802059112624e-02 7.828850718538760134e-02 9.607434503675589543e-02
1.258925411794161094e+14 5.247838003249333951e+02 5.240158441029250298e+02 5.255898983509213167e+02 5.231730942059226663e+02 5.264239611614627847e+02 5.223277223013507182e+02 5.272171294301376747e+02 3.253980528404896155e-01 3.240106236534951445e-01 3.268732397916972454e-01 3.224319014224298341e-01 3.283312682237385927e-01 3.208702073492063489e-01 3.296504287683417189e-01 7.972759995076512951e-02 7.713783234525424526e-02 8.247313014007057186e-02 7.484870411912428190e-02 8.491888082787624192e-02 7.342336142865552029e-02 8.765581767320690387e-02
1.584893192461104375e+14 5.665597060715923590e+02 5.656662038807378394e+02 5.674291404119051094e+02 5.648979177603412154e+02 5.683855892226190463e+02 5.641692031843527957e+02 5.694507055166789087e+02 3.286322764430316123e-01 3.272378943362931336e-01 3.300291931585229710e-01 3.258227746640452449e-01 3.313575997369321291e-01 3.240902762652471125e-01 3.328221826052276677e-01 7.331487764599162182e-02 7.096040670046821486e-02 7.584374382231584555e-02 6.905612295114064991e-02 7.813732528561447011e-02 6.733065039073241054e-02 8.187248866310048445e-02
1.995262314968866562e+14 6.119182015365362304e+02 6.109677652013594980e+02 6.128501688344296099e+02 6.100677847264794309e+02 6.138094697550974388e+02 6.089239367001322307e+02 6.146758097798401650e+02 3.310049738728967350e-01 3.296676360574752884e-01 3.323364001017514724e-01 3.282613198029204482e-01 3.335706597941319740e-01 3.268299480319832861e-01 3.348575843003754882e-01 6.794611581203377493e-02 6.571899770985728528e-02 7.033715040298796350e-02 6.362182087141106390e-02 7.279309136200459718e-02 6.184597556877591273e-02 7.516344342831147995e-02
2.511886431509561562e+14 6.608424400270357637e+02 6.598468813118871594e+02 6.619519876337532196e+02 6.588207449518813519e+02 6.630175645372975168e+02 6.579172328715088724e+02 6.639412012431832864e+02 3.324501491717445356e-01 3.309744878450319727e-01 3.338416280792101398e-01 3.297071557160605182e-01 3.351508706893795986e-01 3.287358251576851798e-01 3.361093095895475447e-01 6.286895053951210843e-02 6.053962427428380422e-02 6.506667056232516566e-02 5.843012708518651593e-02 6.732174390285132481e-02 5.650007425631191349e-02 7.039531036216002680e-02
3.162277660168353750e+14 7.137274029459914573e+02 7.126566897862669521e+02 7.149612953873150900e+02 7.114741691996598547e+02 7.158478411517969562e+02 7.106247592263955539e+02 7.169282728189654108e+02 3.331707979953139054e-01 3.315313049803451095e-01 3.345997396211426445e-01 3.302171792975458486e-01 3.359206973143870623e-01 3.294194069672032876e-01 3.375442475504762396e-01 5.813522944385712127e-02 5.625197246693086628e-02 6.030064596977939562e-02 5.430891446620874502e-02 6.246188725242735051e-02 5.269033494105993670e-02 6.437007798342363196e-02
3.981071705534936875e+14 7.706607500440838976e+02 7.693823965877700175e+02 7.719662540702624938e+02 7.681654363062799575e+02 7.730462953833241500e+02 7.668561437755502084e+02 7.750636032042026500e+02 3.333047043149395816e-01 3.316464273762242954e-01 3.349415006476940126e-01 3.300628469615760618e-01 3.365443482825669630e-01 3.288251744350927930e-01 3.382437329669187864e-01 5.369676102056043093e-02 5.192092210046736489e-02 5.564739513800824600e-02 5.009968553450912243e-02 5.770531180437358382e-02 4.907762930496012421e-02 5.882700156371722944e-02
5.011872336272673750e+14 8.323354684043098359e+02 8.307203825919455085e+02 8.337310509144314210e+02 8.293034669764940645e+02 8.351355120210041605e+02 8.280489926069016065e+02 8.363618818842763858e+02 3.336243882426968010e-01 3.315996673269805406e-01 3.352321990893484815e-01 3.296861339158471127e-01 3.373707882659285340e-01 3.283808354770467730e-01 3.393045727908537978e-01 5.013521073236074793e-02 4.855399453774966040e-02 5.177161436803379840e-02 4.681232394387892931e-02 5.354219258646396307e-02 4.582263599778161473e-02 5.534513672265404388e-02
6.309573444801865000e+14 8.988346307873628120e+02 8.970130308594590360e+02 9.006939393349325655e+02 8.951864910508318189e+02 9.023422962831343739e+02 8.940481527953891145e+02 9.043099682671759183e+02 3.338167756876461167e-01 3.318404569891049705e-01 3.359203225465966502e-01 3.296717407109072129e-01 3.379145114886433210e-01 3.281523478508636127e-01 3.399732233297554918e-01 4.701032178188663951e-02 4.553445820058815013e-02 4.856134320477988736e-02 4.409714191588350735e-02 5.003869162333900861e-02 4.279836740944659157e-02 5.152907531660963492e-02
7.943282347242723750e+14 9.708563103973295938e+02 9.683925291359041694e+02 9.730496963031649784e+02 9.659936532413555597e+02 9.755534084601596305e+02 9.642394212033676695e+02 9.771699585608395182e+02 3.342895047032315992e-01 3.318312196486468135e-01 3.364517562011001273e-01 3.293646488522574689e-01 3.392243829483006512e-01 3.266300895444657071e-01 3.402058227152735537e-01 4.463917398797263153e-02 4.320424440821358375e-02 4.611548054397580226e-02 4.187321525828933966e-02 4.747428998279337037e-02 4.076817157587104418e-02 4.946860999333618086e-02
9.999999999999877500e+14 1.049051911101067617e+03 1.046004713103245649e+03 1.051951353409894864e+03 1.043224169495850674e+03 1.055453764826943143e+03 1.040092881316901867e+03 1.058507526094963396e+03 3.352175014666939346e-01 3.322919719914012027e-01 3.380251537189493671e-01 3.293173905632388321e-01 3.409568953185925788e-01 3.270918990636444978e-01 3.437045475647211301e-01 4.298664950116432709e-02 4.136004485567768701e-02 4.448494338025519440e-02 3.993605066749063293e-02 4.571051148136028031e-02 3.863792040795928362e-02 4.668722531772098033e-02
1.258925411794150750e+15 1.133282009213128958e+03 1.129383102162939167e+03 1.137308247174188864e+03 1.125559682967751769e+03 1.141354849053620683e+03 1.121470282908539502e+03 1.145981034087580838e+03 3.356501202204898449e-01 3.322870808127250108e-01 3.387744322997405799e-01 3.288574304023746397e-01 3.423008940968260694e-01 3.264860511345362704e-01 3.454899406217697422e-01 4.172321421487944215e-02 4.011927092320294319e-02 4.323622188751891776e-02 3.868307990732222645e-02 4.469372497238708469e-02 3.725097570882925785e-02 4.557341024917047068e-02
1.584893192461091500e+15 1.225382387291386294e+03 1.220004701289416062e+03 1.231031630737285468e+03 1.214346172943435022e+03 1.236553119508400187e+03 1.210599075273239350e+03 1.244234454574642314e+03 3.363313122023897095e-01 3.327002021668445941e-01 3.401807978037114655e-01 3.285681237904847229e-01 3.439936823547678491e-01 3.255976406398610745e-01 3.482902794587138251e-01 4.065567356851933212e-02 3.891458371087839346e-02 4.240947183218935629e-02 3.737475266778134131e-02 4.374864695946483611e-02 3.607960633989917842e-02 4.502059508384363001e-02
1.995262314968850250e+15 1.323888744127684049e+03 1.316921636636169296e+03 1.331567624392044536e+03 1.310766963442812767e+03 1.339557983900933323e+03 1.304782823139084030e+03 1.348673018561082472e+03 3.364564876132590809e-01 3.323558660142626464e-01 3.411017900165057015e-01 3.287711104625460345e-01 3.454816886211330984e-01 3.254909597685253786e-01 3.514337905756513836e-01 3.983616099265377408e-02 3.798378095293436507e-02 4.172252084780280618e-02 3.640393288571539682e-02 4.335250454919446772e-02 3.440203670692915799e-02 4.484566664273210296e-02
2.511886431509541000e+15 1.430093052519541061e+03 1.421267929872239847e+03 1.439906592014799571e+03 1.411877514616744975e+03 1.448207208665960934e+03 1.401772502925841991e+03 1.456115782583726514e+03 3.361865563974953952e-01 3.315270795286898720e-01 3.407105829421397947e-01 3.272057848158681503e-01 3.450955174946052084e-01 3.209530114729456374e-01 3.493995404043988562e-01 3.914556312623580087e-02 3.705085126572602028e-02 4.103777599407686105e-02 3.544976636183762991e-02 4.315036520913356072e-02 3.364469874085666140e-02 4.463006878216278783e-02
3.162277660168327500e+15 1.544229705626621808e+03 1.534647412595421656e+03 1.554161382662647839e+03 1.524549111874496475e+03 1.566160759565268108e+03 1.511081395593474099e+03 1.577677309372981881e+03 3.356652777405707555e-01 3.314117644699701715e-01 3.397919252483898034e-01 3.266345317242179691e-01 3.445240744741799865e-01 3.235234853379742592e-01 3.485660717314357782e-01 3.812239091476331970e-02 3.595975674596441768e-02 4.033648683623695941e-02 3.356498816918841721e-02 4.278118826442451478e-02 3.121796238448098712e-02 4.451885724421000834e-02
