# log10(M200c)[Msun] log10(<sigmaDM>)[km/s] log10(sigmaDM)+ log10(sigmaDM)- log10(sigmaDM)++ log10(sigmaDM)-- log10(sigmaDM)+++ log10(sigmaDM)--- <slope> slope+ slope- slope++ slope-- slope+++ slope--- <scatter>[ln] scatter+ scatter- scatter++ scatter-- scatter+++ scatter---
0.000000000000000000e+00 1.350000000000000000e+01 2.481488089260001306e+00 2.481613138172075406e+00 2.481350188285929903e+00 2.481732300106553435e+00 2.481223046735629545e+00 2.481888252619603996e+00 2.481122033338406752e+00 3.149093975241488708e-01 3.153534566172641607e-01 3.144636006284793339e-01 3.157463929516974299e-01 3.140345756970076563e-01 3.161843470604793205e-01 3.137055860171769073e-01 4.411038156542209515e-02 4.450966820513934524e-02 4.369347011265217740e-02 4.494955953078461769e-02 4.323579971262259819e-02 4.538143543888185222e-02 4.286431352323812061e-02
0.000000000000000000e+00 1.359999999999999964e+01 2.513222517811750656e+00 2.513368020814108483e+00 2.513076673662000715e+00 2.513514291211884188e+00 2.512933305550000274e+00 2.513624696026867333e+00 2.512843420306774878e+00 3.162210211936363757e-01 3.166685177422925435e-01 3.157916429540111869e-01 3.170223204997124622e-01 3.153939532944806667e-01 3.174016099887605469e-01 3.150970267642563272e-01 4.368123713937541869e-02 4.410709164525861842e-02 4.326700710782131754e-02 4.450153916564969503e-02 4.290930330726382136e-02 4.486076722905653347e-02 4.248725656098280290e-02
0.000000000000000000e+00 1.369999999999999929e+01 2.545141214725348711e+00 2.545316319027782548e+00 2.544982737133875794e+00 2.545464505556727097e+00 2.544813367530271542e+00 2.545655139002926504e+00 2.544640089677087325e+00 3.176458502331541700e-01 3.180151927064475692e-01 3.172176259642911500e-01 3.184235190995045039e-01 3.168173546633900606e-01 3.187303213023429116e-01 3.163520026945236263e-01 4.327368895620260086e-02 4.368965233879949783e-02 4.281202336982706941e-02 4.414931329422645129e-02 4.244617463849003486e-02 4.446693241406993874e-02 4.209859498435412906e-02
0.000000000000000000e+00 1.379999999999999893e+01 2.577278761776016225e+00 2.577460515810804154e+00 2.577088347492855647e+00 2.577637568083311237e+00 2.576902976357083652e+00 2.577824651479002416e+00 2.576722831614177700e+00 3.192137525081824023e-01 3.196046752472409547e-01 3.187577485551631451e-01 3.200007937709345440e-01 3.183427114865997054e-01 3.204062465758852341e-01 3.179346588126189532e-01 4.284672536612204458e-02 4.325967537909906208e-02 4.241877413801056762e-02 4.372969558856132366e-02 4.202439111265716953e-02 4.413532515317755700e-02 4.165220572682980238e-02
0.000000000000000000e+00 1.389999999999999858e+01 2.609628815348995268e+00 2.609845410781737485e+00 2.609416880209908918e+00 2.610044145874477639e+00 2.609208455672044735e+00 2.610221169188998491e+00 2.609034142293406688e+00 3.209171391876498580e-01 3.213753872546294965e-01 3.204372473147777400e-01 3.218133167807440409e-01 3.200391223980391109e-01 3.221704711497040963e-01 3.196010680923780378e-01 4.238209792467621806e-02 4.284130343950166842e-02 4.198428221052328407e-02 4.321666102068500576e-02 4.161706408040120875e-02 4.363065695577988956e-02 4.125244926012054669e-02
0.000000000000000000e+00 1.399999999999999822e+01 2.642232559166270534e+00 2.642457179753185059e+00 2.641988281276766770e+00 2.642697409864066760e+00 2.641780675194391748e+00 2.642823682922812889e+00 2.641526396860525594e+00 3.228510582134709317e-01 3.233254195058864466e-01 3.223082633184983781e-01 3.238068698672582069e-01 3.218809232108911789e-01 3.241912486227603307e-01 3.215083759247790995e-01 4.200051583835082841e-02 4.247077078445351400e-02 4.159084324873177363e-02 4.281202792580501848e-02 4.117083495123281117e-02 4.335657279608325088e-02 4.065832652480800419e-02
0.000000000000000000e+00 1.409999999999999787e+01 2.675084431220803527e+00 2.675362287487940804e+00 2.674797661268928373e+00 2.675633085704721026e+00 2.674551610428613113e+00 2.675864152572599686e+00 2.674346074397790041e+00 3.248679982167890223e-01 3.254089793569413525e-01 3.243486110494049335e-01 3.260255136972299850e-01 3.238599944240238004e-01 3.264859171007932215e-01 3.232185957029225509e-01 4.171000631377191209e-02 4.217836266101945841e-02 4.123734754446078260e-02 4.262034565727098462e-02 4.074106633936434158e-02 4.300728443474726576e-02 4.035011703645524639e-02
0.000000000000000000e+00 1.419999999999999751e+01 2.708152067534530971e+00 2.708443578663644491e+00 2.707850403660652994e+00 2.708759731717092833e+00 2.707547899901067812e+00 2.709029477625301219e+00 2.707290884850920065e+00 3.269715126198535216e-01 3.276505900864060683e-01 3.263320268680503511e-01 3.281865298878044457e-01 3.257334923340254318e-01 3.286852180571815385e-01 3.253725980845303400e-01 4.140925715590389189e-02 4.191381610117107109e-02 4.093223850595496122e-02 4.242204517448079637e-02 4.044734093643338052e-02 4.270149188018985270e-02 4.010778496869701892e-02
0.000000000000000000e+00 1.429999999999999716e+01 2.741468396306736111e+00 2.741838834187395157e+00 2.741114574687569139e+00 2.742191777231687499e+00 2.740757522377213817e+00 2.742564062972381311e+00 2.740451873244328596e+00 3.291670640780215429e-01 3.299025573218962171e-01 3.284116095794382684e-01 3.305500712505126115e-01 3.277068407367774161e-01 3.312257802755406155e-01 3.269932900403211828e-01 4.121314101789272377e-02 4.180841576196346610e-02 4.068718331153194784e-02 4.224901406089270894e-02 4.013382965304691796e-02 4.296826321929159836e-02 3.949455859261852969e-02
0.000000000000000000e+00 1.439999999999999680e+01 2.775041483928034403e+00 2.775468370195373069e+00 2.774593212473758008e+00 2.775821407413296971e+00 2.774222808568309162e+00 2.776207370993135193e+00 2.773690414164726725e+00 3.313147658323288836e-01 3.321961513458452919e-01 3.305128711115815632e-01 3.329601668179087426e-01 3.297457740798320214e-01 3.335991185632735112e-01 3.289691720115438534e-01 4.119113924060526649e-02 4.180519538852069811e-02 4.056267336172685728e-02 4.237563583314212651e-02 3.996066724796203812e-02 4.293326416601547096e-02 3.933976782465124084e-02
0.000000000000000000e+00 1.449999999999999645e+01 2.808886688169673906e+00 2.809361782772370919e+00 2.808349514500310562e+00 2.809813886819720441e+00 2.807888421060499518e+00 2.810297232074675300e+00 2.807426547609191303e+00 3.336735370423683511e-01 3.346030171839560197e-01 3.327721920508394104e-01 3.353954360258821210e-01 3.318089881214992265e-01 3.361910167886664191e-01 3.305680277865218342e-01 4.128645633033731221e-02 4.200845079462705439e-02 4.058368717722573432e-02 4.264026489941754455e-02 3.998135235643111851e-02 4.331817477192668325e-02 3.930073285395027649e-02
0.000000000000000000e+00 1.459999999999999609e+01 2.842941256768231284e+00 2.843456606835743194e+00 2.842365571884185815e+00 2.843973521999642262e+00 2.841832968336414300e+00 2.844576802772513791e+00 2.841470604232706698e+00 3.360503639300265188e-01 3.371215760425086971e-01 3.350102772993981959e-01 3.380472282277929286e-01 3.340147771357884210e-01 3.388696580244737189e-01 3.332022196831930794e-01 4.149667828637933209e-02 4.229386295473992058e-02 4.068661785629326677e-02 4.308930124036282339e-02 3.990193190737927054e-02 4.393887257841028182e-02 3.912899652301629616e-02
0.000000000000000000e+00 1.469999999999999574e+01 2.877206891045808845e+00 2.877779407795821864e+00 2.876607118000570562e+00 2.878297246703419354e+00 2.876004392553848987e+00 2.879025084300684156e+00 2.875477540015455968e+00 3.382864287873644793e-01 3.393089479901121308e-01 3.372092196554800081e-01 3.402410199908478816e-01 3.361124034614528244e-01 3.414861780978770689e-01 3.352159934159163468e-01 4.190848536420459930e-02 4.279580612630966285e-02 4.097439598537045563e-02 4.363934333855536835e-02 4.008172314438002842e-02 4.436477837628485105e-02 3.921058339429755318e-02
0.000000000000000000e+00 1.479999999999999538e+01 2.911509653042583246e+00 2.912148460667707717e+00 2.910900495705636803e+00 2.912703278943555407e+00 2.910282936523759911e+00 2.913474271482158873e+00 2.909390370517288993e+00 3.401489176468761033e-01 3.412230190635179850e-01 3.390779717621680289e-01 3.423021976722985249e-01 3.377684172260320139e-01 3.431156976639788136e-01 3.369439979900732962e-01 4.214298375150148795e-02 4.321952364500147858e-02 4.107384138054481770e-02 4.424544678400031683e-02 4.017563643820885877e-02 4.515627886098951688e-02 3.920855000556285053e-02
0.000000000000000000e+00 1.489999999999999503e+01 2.945897849074286867e+00 2.946533938624254834e+00 2.945188220036004001e+00 2.947251329024486832e+00 2.944467216737343129e+00 2.948054217302954250e+00 2.943725847450205269e+00 3.415198426798472520e-01 3.427939051252878455e-01 3.403143673477884157e-01 3.439944800060206753e-01 3.391580055242609526e-01 3.449957152364194202e-01 3.378522004950773594e-01 4.234754504367634065e-02 4.350699558623700308e-02 4.113657581034238508e-02 4.468973618762778904e-02 3.997169825196587173e-02 4.601120692148263913e-02 3.869812485490559811e-02
0.000000000000000000e+00 1.499999999999999467e+01 2.980215329407323033e+00 2.981044141757027699e+00 2.979494381513863033e+00 2.981711041684149244e+00 2.978769016596842345e+00 2.982510139050761566e+00 2.978147374176644213e+00 3.423762348412049406e-01 3.438517427313837471e-01 3.409102336759269880e-01 3.452412902342004708e-01 3.396318570419790683e-01 3.466165004579283559e-01 3.382503467551685183e-01 4.237132794618953674e-02 4.381853977594477728e-02 4.097300683023775980e-02 4.539261937257722118e-02 3.967900327799109977e-02 4.688104021613805072e-02 3.812890054676986579e-02
0.000000000000000000e+00 1.509999999999999432e+01 3.014497901934972468e+00 3.015273760392453095e+00 3.013680735259208099e+00 3.016206392435766936e+00 3.012862893347741711e+00 3.016858898254280774e+00 3.012088715808259209e+00 3.424628738839146092e-01 3.442324987012560511e-01 3.408410237413735944e-01 3.460124427259792523e-01 3.392007444306596731e-01 3.474414482210985144e-01 3.365355396685811851e-01 4.234272774452368937e-02 4.424508889963767871e-02 4.064986433938319599e-02 4.626933369048128603e-02 3.914650591780370614e-02 4.859001282093094315e-02 3.787604713281084862e-02
0.000000000000000000e+00 1.519999999999999396e+01 3.048781809239677010e+00 3.049727234645037477e+00 3.047771703442017088e+00 3.050673780229193888e+00 3.046864575247497431e+00 3.051519548109698832e+00 3.046067359892599580e+00 3.423053742640053687e-01 3.445716666722752897e-01 3.401447337860390996e-01 3.465931297960768709e-01 3.383396956244485443e-01 3.484220481152836557e-01 3.371653107660891324e-01 4.263836809364714847e-02 4.478518997184639111e-02 4.070554238520923684e-02 4.713227774599986625e-02 3.885762954422129073e-02 4.949804509112079587e-02 3.777446148563151640e-02
0.000000000000000000e+00 1.529999999999999361e+01 3.082842960192602177e+00 3.083960046484660822e+00 3.081686322870521355e+00 3.085207567612870072e+00 3.080594516979965114e+00 3.085960711215062879e+00 3.079803156667950681e+00 3.417485571676478484e-01 3.443510612287323802e-01 3.392898249542778411e-01 3.469306691744696858e-01 3.368065962221004628e-01 3.487537910876024050e-01 3.344000456573454905e-01 4.252610612608017510e-02 4.530463020373343142e-02 4.009161636101448573e-02 4.845189829087488687e-02 3.839138171180277170e-02 5.145289168805056851e-02 3.618316067017036952e-02
0.000000000000000000e+00 1.539999999999999325e+01 3.116855328725898211e+00 3.118241114665161184e+00 3.115547728882912981e+00 3.119640680473967365e+00 3.114283190356609499e+00 3.121038820829574068e+00 3.112652500236031905e+00 3.410749009407604282e-01 3.444392454672532966e-01 3.380990532455073749e-01 3.473200225601225100e-01 3.352739747398708059e-01 3.491211206905544540e-01 3.319455954351215876e-01 4.280117874782934928e-02 4.606164476205157343e-02 4.023561802951394761e-02 4.960506990317245513e-02 3.820206324352919819e-02 5.208969304781382176e-02 3.635182389047165313e-02
0.000000000000000000e+00 1.549999999999999289e+01 3.150898891843813665e+00 3.152527470323774228e+00 3.149286334523066166e+00 3.154267601527595222e+00 3.147647279898723394e+00 3.156692323701781877e+00 3.145916918105132076e+00 3.408491970066144239e-01 3.446875203749909522e-01 3.371894979307022977e-01 3.482399236425491873e-01 3.339873208299621310e-01 3.528789066600910296e-01 3.296999669731521254e-01 4.308298929052669507e-02 4.665096359369037132e-02 3.975911898379983628e-02 5.051420651075857332e-02 3.753797296934609229e-02 5.385460569347005205e-02 3.570243087667365756e-02
0.000000000000000000e+00 1.559999999999999254e+01 3.185008632256800531e+00 3.187024692463651832e+00 3.182993460812044262e+00 3.188891578522707437e+00 3.181128178896094116e+00 3.191676083403458541e+00 3.179093572363819842e+00 3.407086676728142693e-01 3.449572316135127714e-01 3.365119392507932017e-01 3.495736753970341559e-01 3.326604838691755717e-01 3.527725706806307260e-01 3.287020299513112587e-01 4.311949247648410449e-02 4.676619308246437318e-02 3.986079507358886859e-02 5.040390720359100990e-02 3.749138614905793421e-02 5.433870136190656341e-02 3.550724897172186090e-02
0.000000000000000000e+00 1.569999999999999218e+01 3.218962762600233063e+00 3.221650687749157083e+00 3.216380513937492580e+00 3.223907343094341904e+00 3.214363275971172662e+00 3.226470140236942896e+00 3.211746032252841054e+00 3.404030000507949349e-01 3.458740707638275347e-01 3.354819937282693121e-01 3.500496042812900055e-01 3.309434213555474957e-01 3.538848528274625149e-01 3.270534541315209820e-01 4.319552592622444287e-02 4.673669000868321821e-02 3.986585845029351483e-02 5.067636251892818772e-02 3.748210674054534147e-02 5.380337432780354923e-02 3.579797266961951691e-02
0.000000000000000000e+00 1.579999999999999183e+01 3.253288537480147014e+00 3.256166766631982679e+00 3.250158592838711336e+00 3.259425266042308866e+00 3.246973204390405154e+00 3.262637022306472900e+00 3.244960375029617428e+00 3.411558976673598753e-01 3.466981440321624808e-01 3.354059861651748631e-01 3.526073538563157528e-01 3.299929409568127525e-01 3.580493691397057532e-01 3.263170356184584842e-01 4.265423329614226322e-02 4.620542872026215525e-02 3.977224082306585889e-02 5.031090965449468849e-02 3.723853646155379782e-02 5.365467612190905067e-02 3.521207370412361010e-02
5.000000000000000000e-01 1.350000000000000000e+01 2.525908805999418583e+00 2.526078609544157416e+00 2.525756022107552123e+00 2.526228357354934673e+00 2.525603850339468881e+00 2.526330310138289903e+00 2.525456606519621339e+00 3.098460007768158997e-01 3.103587387458736635e-01 3.093178037102872202e-01 3.108837760876890233e-01 3.088421316437923725e-01 3.112016066534694092e-01 3.083646845989543306e-01 4.874504076102256084e-02 4.912200304011802438e-02 4.839275876158434520e-02 4.954136071725601109e-02 4.805876718000160613e-02 5.010235539160776824e-02 4.776038474183968291e-02
5.000000000000000000e-01 1.359999999999999964e+01 2.557255850642413009e+00 2.557435849867828015e+00 2.557074898370012672e+00 2.557604330198244291e+00 2.556898786036097881e+00 2.557728718313124983e+00 2.556745848481381422e+00 3.116183813299235883e-01 3.120968250094243723e-01 3.110939273118846216e-01 3.126455809124323304e-01 3.106508479506095988e-01 3.130399613080329102e-01 3.102484164726769800e-01 4.813956857117341476e-02 4.850915380121947895e-02 4.773574027545961218e-02 4.888918507459057150e-02 4.740386124255645262e-02 4.925757767636185919e-02 4.710756985793405210e-02
5.000000000000000000e-01 1.369999999999999929e+01 2.588893800681576707e+00 2.589093487631302537e+00 2.588697417368643006e+00 2.589301047332988492e+00 2.588504664080335971e+00 2.589496194316146749e+00 2.588299377977989479e+00 3.135897100718795238e-01 3.140911572544818342e-01 3.131172516985671894e-01 3.145141941920178708e-01 3.126286140964933957e-01 3.150837001072289700e-01 3.122181624514809850e-01 4.743190149353162383e-02 4.785584592554482236e-02 4.705201450254089396e-02 4.827003222713568964e-02 4.669932245851707991e-02 4.889250274471861057e-02 4.645495824309110039e-02
5.000000000000000000e-01 1.379999999999999893e+01 2.620795681705556213e+00 2.621031956842456268e+00 2.620575664910426816e+00 2.621233562917504756e+00 2.620352275884243465e+00 2.621454145810533376e+00 2.620113452121163533e+00 3.157493911700412492e-01 3.162268930973708425e-01 3.152110418839848549e-01 3.167443510805834084e-01 3.147420464808387552e-01 3.172311709613890862e-01 3.141605031473748144e-01 4.676504596427279864e-02 4.715002909378347706e-02 4.637263276847559262e-02 4.752748737806497537e-02 4.602118153152275765e-02 4.793449587061196504e-02 4.563308345465690724e-02
5.000000000000000000e-01 1.389999999999999858e+01 2.653022556009264843e+00 2.653308739449287135e+00 2.652781296834915814e+00 2.653540231386489090e+00 2.652546199389622217e+00 2.653746100908517924e+00 2.652201952352156056e+00 3.181050581977385439e-01 3.186603225043307952e-01 3.175598239674743972e-01 3.191251958734567240e-01 3.170470727749118978e-01 3.196489911483274549e-01 3.164297917901641166e-01 4.614681378612041363e-02 4.655413237745471833e-02 4.574539873309985127e-02 4.703067851920920278e-02 4.536803413723790313e-02 4.742203732167852431e-02 4.482787874577372211e-02
5.000000000000000000e-01 1.399999999999999822e+01 2.685634273006745065e+00 2.685936426910473962e+00 2.685321607643708308e+00 2.686226585477112128e+00 2.685013040351527103e+00 2.686495766556014964e+00 2.684782367658570479e+00 3.207413143610229334e-01 3.213187026437276383e-01 3.201411032019241265e-01 3.219253443185127739e-01 3.195281534547122493e-01 3.225658393596666507e-01 3.190559238327315139e-01 4.560055594387681793e-02 4.606032244486878147e-02 4.514503165077441565e-02 4.645581909599746234e-02 4.476473414005784773e-02 4.687006158253410187e-02 4.432602035292750042e-02
5.000000000000000000e-01 1.409999999999999787e+01 2.718512195037419588e+00 2.718832569769169094e+00 2.718143287991081625e+00 2.719204564151881609e+00 2.717789173863849328e+00 2.719576027120155004e+00 2.717394902735052575e+00 3.234551812883035282e-01 3.241478425532647312e-01 3.227268186786500515e-01 3.247787652357088661e-01 3.221141761094681311e-01 3.253707014142045439e-01 3.216038427236891928e-01 4.514122400766978904e-02 4.566336844035545628e-02 4.466911908377915047e-02 4.623438533196113503e-02 4.417082037899855429e-02 4.659661167687129818e-02 4.379720171192887784e-02
5.000000000000000000e-01 1.419999999999999751e+01 2.751733051067537961e+00 2.752184264864796504e+00 2.751340942003059897e+00 2.752589265277667341e+00 2.750971187545221852e+00 2.752833721846463355e+00 2.750581809527534727e+00 3.263106633462756756e-01 3.271018256371523991e-01 3.255939546674001539e-01 3.277912636166068761e-01 3.248844344098296144e-01 3.284129243662233799e-01 3.242533951184668473e-01 4.489535890753384995e-02 4.546754631685452630e-02 4.430646084818560398e-02 4.607590289271096262e-02 4.369386862369523811e-02 4.663788026327189695e-02 4.322135792542872862e-02
5.000000000000000000e-01 1.429999999999999716e+01 2.785243892334074545e+00 2.785691224108836295e+00 2.784722675593646724e+00 2.786101621957661312e+00 2.784315672872834657e+00 2.786769002848060062e+00 2.783925620048591121e+00 3.290463494915839560e-01 3.298665589551525446e-01 3.281598687716822949e-01 3.306023910826995649e-01 3.272632114489545940e-01 3.315711902608440842e-01 3.265962443359733958e-01 4.458016059038083512e-02 4.528843871962155709e-02 4.392476060909914631e-02 4.592347280536539234e-02 4.335144343590398297e-02 4.645615262077894964e-02 4.261126512505160335e-02
5.000000000000000000e-01 1.439999999999999680e+01 2.818874967484609861e+00 2.819389993406955952e+00 2.818391103823576493e+00 2.819907427813442613e+00 2.817833048738346502e+00 2.820499215372929136e+00 2.817308750192924816e+00 3.313126439482954044e-01 3.322935031548974183e-01 3.303744763221627689e-01 3.331596887603133217e-01 3.294907957266066667e-01 3.337936096675795383e-01 3.286486980631319610e-01 4.452520203126387327e-02 4.529759811067202158e-02 4.373389600414223644e-02 4.608529920757099135e-02 4.306804336992476473e-02 4.687931598575766773e-02 4.244672256647295805e-02
5.000000000000000000e-01 1.449999999999999645e+01 2.852528494212076993e+00 2.853115154666520326e+00 2.851890672117951109e+00 2.853726488520724303e+00 2.851307626385878091e+00 2.854247566495603738e+00 2.850841748966106426e+00 3.328799938628724253e-01 3.339219349268309767e-01 3.317541482594978941e-01 3.350282465561531531e-01 3.306780203334622192e-01 3.360925477932460992e-01 3.299709919513702516e-01 4.442317958549430595e-02 4.530059902179293940e-02 4.356318829219030936e-02 4.620184266009383367e-02 4.280514488556042690e-02 4.714728251187899621e-02 4.216520447651416620e-02
5.000000000000000000e-01 1.459999999999999609e+01 2.886020309663844596e+00 2.886700318194558967e+00 2.885373870587642386e+00 2.887390679735991394e+00 2.884792803238951819e+00 2.888215539565571977e+00 2.884296849339180735e+00 3.336893742750208780e-01 3.348255709730377228e-01 3.325851961175125271e-01 3.360352913709462319e-01 3.315602122383479733e-01 3.373773566956371761e-01 3.305114954344713918e-01 4.422252729284335132e-02 4.521443327373916854e-02 4.326956762556739139e-02 4.629525535042815915e-02 4.236762271274239350e-02 4.706918833787848699e-02 4.167451941346377725e-02
5.000000000000000000e-01 1.469999999999999574e+01 2.919524022654351292e+00 2.920258495604629800e+00 2.918816120985064710e+00 2.920920359961427515e+00 2.918092889968037618e+00 2.921394466101052245e+00 2.917618746728380508e+00 3.340750894324502340e-01 3.352961278714114979e-01 3.328586618082339244e-01 3.364657561136348840e-01 3.316336769538443252e-01 3.374961703519089862e-01 3.305974275969520981e-01 4.392334331769050942e-02 4.502268234606984082e-02 4.282694317894542718e-02 4.610960052069312115e-02 4.172356121892139419e-02 4.710752838932026620e-02 4.096479189155181194e-02
5.000000000000000000e-01 1.479999999999999538e+01 2.952969743666221447e+00 2.953754024557178059e+00 2.952195775019052615e+00 2.954565325736871362e+00 2.951475825835246258e+00 2.955276919899302968e+00 2.950808290801514744e+00 3.342812770641074294e-01 3.356856788416213710e-01 3.329809826682916252e-01 3.369812910284410434e-01 3.314481823526538862e-01 3.382212791011987019e-01 3.303470047763137352e-01 4.339516402458616640e-02 4.454372825819242349e-02 4.223267510965273558e-02 4.575025988318155712e-02 4.124918768707606237e-02 4.662924465248698830e-02 4.043276187210698841e-02
5.000000000000000000e-01 1.489999999999999503e+01 2.986501422816792761e+00 2.987432117728811676e+00 2.985653474265940854e+00 2.988169533804017508e+00 2.984930200502444286e+00 2.988846936506635021e+00 2.984353461794343687e+00 3.348582329429036775e-01 3.364630051290124491e-01 3.331738970530853106e-01 3.382187904920281873e-01 3.315801428799088346e-01 3.397491821482261365e-01 3.297358530903794493e-01 4.277963584203800518e-02 4.397436708810793793e-02 4.167614369559868859e-02 4.516366097249421147e-02 4.034367447717245730e-02 4.626460399914327642e-02 3.948206697439139018e-02
5.000000000000000000e-01 1.499999999999999467e+01 3.020128391454510286e+00 3.021158402435166757e+00 3.019160460022098480e+00 3.022111458920609728e+00 3.018238391984688018e+00 3.023409694489563648e+00 3.017209697556523906e+00 3.356836794524000189e-01 3.377947277610108823e-01 3.335362499916443846e-01 3.395539451045702650e-01 3.316294388809019056e-01 3.416706800518538589e-01 3.297430899415980665e-01 4.221361197477317001e-02 4.342477788428856372e-02 4.098213946794209556e-02 4.483020491165419508e-02 3.974737608999534544e-02 4.599190875237048337e-02 3.864135802453589480e-02
5.000000000000000000e-01 1.509999999999999432e+01 3.054248145518685398e+00 3.055393398722614062e+00 3.053022675510669526e+00 3.056754374093674009e+00 3.051953183862911256e+00 3.058185952771023786e+00 3.050849309911940921e+00 3.373032886848416068e-01 3.400921845331590365e-01 3.344714038622576546e-01 3.427666551581829979e-01 3.322955175339614153e-01 3.458774498227397132e-01 3.301650096220667407e-01 4.150097618645443021e-02 4.282471647211648358e-02 4.018200058084591547e-02 4.411705625849460938e-02 3.911370378807799836e-02 4.534462949967923984e-02 3.797496024591721225e-02
5.000000000000000000e-01 1.519999999999999396e+01 3.088209231977368852e+00 3.089597092629535080e+00 3.086723201708470476e+00 3.091172796730747407e+00 3.085108917635979608e+00 3.092422969477771844e+00 3.083214811966973556e+00 3.386694715209488393e-01 3.418789236569335088e-01 3.355889832265301354e-01 3.452804965803236703e-01 3.320610455361732161e-01 3.486462540898423446e-01 3.288868829159820040e-01 4.115962253005209237e-02 4.261392318847061211e-02 3.971055887198911977e-02 4.385643111522898735e-02 3.828970852618057003e-02 4.504171574774644415e-02 3.707487534264178319e-02
5.000000000000000000e-01 1.529999999999999361e+01 3.122874604571544310e+00 3.124841962851371058e+00 3.120958732077162789e+00 3.126650650389821706e+00 3.118780440462880499e+00 3.128437558205350300e+00 3.117409607517902081e+00 3.409237488821188489e-01 3.449217971399788363e-01 3.367801069101507005e-01 3.489790192638771993e-01 3.328892411811483765e-01 3.516960239399546384e-01 3.296850419875972937e-01 4.103594425315681971e-02 4.259265625523655369e-02 3.940035382148507348e-02 4.400372580224373720e-02 3.777375521623178856e-02 4.546176410165086307e-02 3.641224965903792216e-02
5.000000000000000000e-01 1.539999999999999325e+01 3.157538120224116618e+00 3.159964145116121781e+00 3.154780856415261514e+00 3.162435441240401435e+00 3.152220660513877615e+00 3.165122860022707929e+00 3.149678654486379514e+00 3.425501741952743373e-01 3.473903946144830668e-01 3.375397570873652220e-01 3.523169390908598153e-01 3.320431082616521756e-01 3.573323478169628808e-01 3.257558784315883749e-01 4.070246699177747923e-02 4.249916742520636059e-02 3.899197394731571120e-02 4.413518516556350774e-02 3.748756041728094901e-02 4.571802756036956461e-02 3.546816903990113179e-02
5.000000000000000000e-01 1.549999999999999289e+01 3.192681145973520263e+00 3.195589818064003662e+00 3.189390339930332274e+00 3.198354663070400505e+00 3.186289387012743113e+00 3.201577079376143331e+00 3.183862356531987015e+00 3.448335770747575357e-01 3.501797155781846693e-01 3.390239171118572536e-01 3.550421922188971569e-01 3.334113459738005658e-01 3.604815094367571082e-01 3.263145229333044850e-01 4.062810084439646280e-02 4.253861621731737375e-02 3.853923646867255665e-02 4.466822220005078198e-02 3.627898291208635217e-02 4.636158083369353727e-02 3.484165551093214297e-02
5.000000000000000000e-01 1.559999999999999254e+01 3.228002870714711037e+00 3.231721441886960200e+00 3.223988071557692514e+00 3.235554026716037423e+00 3.220301274004178538e+00 3.239466679544880101e+00 3.214719247216983433e+00 3.465344453994607665e-01 3.527272063371106325e-01 3.404038689346279289e-01 3.600141293330463843e-01 3.332383580006894053e-01 3.649243419714717218e-01 3.256824757091407729e-01 4.040333511051364540e-02 4.271137675683642915e-02 3.808220248964148957e-02 4.491386455217117463e-02 3.575945425557836010e-02 4.716452507109474002e-02 3.338841549231006539e-02
5.000000000000000000e-01 1.569999999999999218e+01 3.263847091063525774e+00 3.268055477733692982e+00 3.259337265253545279e+00 3.272218275338441895e+00 3.254062422459395698e+00 3.276166556716808564e+00 3.249831761898890115e+00 3.489624524364524083e-01 3.552340040699773493e-01 3.422649084633787586e-01 3.609113587213456098e-01 3.343480387553250388e-01 3.670731836381118107e-01 3.260435510678219018e-01 4.007123218286064853e-02 4.263831282959469615e-02 3.743608190388539314e-02 4.506983549655701332e-02 3.506609110327429946e-02 4.689625173469401387e-02 3.271767688818339598e-02
1.000000000000000000e+00 1.350000000000000000e+01 2.574594994563219164e+00 2.574814606082380664e+00 2.574395445228252921e+00 2.575027378517035448e+00 2.574206028748858621e+00 2.575202012998622614e+00 2.573994831065883560e+00 3.063575946861494259e-01 3.070297542520167844e-01 3.056967367929877000e-01 3.077541908593619535e-01 3.049860714532180439e-01 3.081699293166882403e-01 3.043271236805266122e-01 5.251255096566342928e-02 5.291454807670443322e-02 5.211924694045377837e-02 5.333173813770049343e-02 5.175246251960614191e-02 5.377869695056427396e-02 5.143428372087714695e-02
1.000000000000000000e+00 1.359999999999999964e+01 2.605723095911589127e+00 2.605953091513430131e+00 2.605473477063515730e+00 2.606187644548785265e+00 2.605262053094341113e+00 2.606429974311331943e+00 2.605112804763600742e+00 3.085368143809860131e-01 3.092090987377345002e-01 3.078882849314590331e-01 3.097536371459125304e-01 3.072851366027906650e-01 3.106535417391799170e-01 3.067067121985205258e-01 5.149901201804844147e-02 5.192158758799219481e-02 5.112644224851221192e-02 5.236298349790789036e-02 5.076913716549924516e-02 5.265188980645611749e-02 5.045371217626982291e-02
1.000000000000000000e+00 1.369999999999999929e+01 2.637246846743526607e+00 2.637542981267877895e+00 2.636974276261958572e+00 2.637814072316114089e+00 2.636701413846871844e+00 2.638004127697864742e+00 2.636424294503443733e+00 3.110575128678234602e-01 3.116997428932292147e-01 3.104080564742652815e-01 3.123895335111607219e-01 3.097957430753200958e-01 3.128988519668000623e-01 3.093197887342785668e-01 5.048623915925128103e-02 5.087495861095007316e-02 5.007537065805425791e-02 5.123202576914654555e-02 4.972594019957009281e-02 5.170036729356275451e-02 4.947633637995568767e-02
1.000000000000000000e+00 1.379999999999999893e+01 2.669197565595102350e+00 2.669517328498423048e+00 2.668881020315453600e+00 2.669810546082292735e+00 2.668575406548955087e+00 2.670076116561980406e+00 2.668257781828119235e+00 3.138797801129094012e-01 3.145469761019722421e-01 3.131907142494844698e-01 3.151263136057840253e-01 3.124714055394524626e-01 3.157889010620187897e-01 3.119615464934987203e-01 4.950549787174943206e-02 4.991735723726277441e-02 4.908153156668307315e-02 5.032687212265093968e-02 4.866370336580626288e-02 5.074025942178155002e-02 4.833906754048184623e-02
1.000000000000000000e+00 1.389999999999999858e+01 2.701590507745322611e+00 2.701978243120532142e+00 2.701195990507601064e+00 2.702359377450112898e+00 2.700834396013205740e+00 2.702598621662351874e+00 2.700495285016046854e+00 3.170566516512638433e-01 3.178478841554729928e-01 3.163442591960765604e-01 3.185432873967003475e-01 3.156987900378619982e-01 3.191072623963505106e-01 3.149194569237739882e-01 4.857029252132215313e-02 4.899823774600632620e-02 4.811344088646034994e-02 4.942261373170672711e-02 4.771454712125602904e-02 4.977948035792921500e-02 4.735411210905171586e-02
1.000000000000000000e+00 1.399999999999999822e+01 2.734491815055118291e+00 2.734889065587074342e+00 2.734081859355484756e+00 2.735284741901000682e+00 2.733626273077069513e+00 2.735720466693348563e+00 2.733139374441079461e+00 3.206502086400351281e-01 3.214263484231018042e-01 3.198628197993629296e-01 3.221131783013919114e-01 3.190870946360308547e-01 3.230151098948149113e-01 3.182854291412738901e-01 4.778172628296866592e-02 4.822326807150614791e-02 4.728068999618549595e-02 4.865806019943341026e-02 4.682589002397462286e-02 4.914667460211184086e-02 4.617993178010072058e-02
1.000000000000000000e+00 1.409999999999999787e+01 2.767796531792809045e+00 2.768312819238293088e+00 2.767284895974692294e+00 2.768766421102723196e+00 2.766908770375030802e+00 2.769377081527103712e+00 2.766392190706925547e+00 3.243631905985379094e-01 3.252901026852235700e-01 3.234829135213466156e-01 3.261472352626783033e-01 3.226186499430632737e-01 3.270912215723378313e-01 3.219938669275934640e-01 4.706323258728829090e-02 4.763297996295290382e-02 4.652274426925279843e-02 4.816725471408891956e-02 4.594713335459945508e-02 4.875143443174483060e-02 4.545131956945044904e-02
1.000000000000000000e+00 1.419999999999999751e+01 2.801482426193383724e+00 2.802000382317724636e+00 2.800928491421547317e+00 2.802541864069452604e+00 2.800338529365935525e+00 2.803078763970392018e+00 2.799663805303015174e+00 3.280714579962769051e-01 3.290508798797054935e-01 3.270270819990059308e-01 3.300525083625250322e-01 3.261578852213726787e-01 3.308952778810175799e-01 3.251025955467597428e-01 4.646089625771399056e-02 4.709527603195944739e-02 4.590514141300589684e-02 4.773578323128464806e-02 4.518392533287970969e-02 4.822696072684499319e-02 4.471808151025601086e-02
1.000000000000000000e+00 1.429999999999999716e+01 2.835420771410633201e+00 2.836071231182564656e+00 2.834787327171245153e+00 2.836748581490548204e+00 2.834252460961478093e+00 2.837464281512999342e+00 2.833812872033913077e+00 3.315552143010360719e-01 3.327576238304872924e-01 3.303808229525209694e-01 3.338186267941520846e-01 3.293763557359857264e-01 3.348573421920857385e-01 3.283860538865223111e-01 4.612264756123321541e-02 4.683687324224181797e-02 4.546270950306894459e-02 4.753817942289442766e-02 4.478309789351436060e-02 4.809967825304924810e-02 4.423017640887875329e-02
1.000000000000000000e+00 1.439999999999999680e+01 2.869534920962365288e+00 2.870230537050612707e+00 2.868777231810385686e+00 2.870988348564189607e+00 2.868028381785032277e+00 2.871520332557849997e+00 2.867360628820207591e+00 3.344459100977484334e-01 3.358109034260436387e-01 3.331699048740914826e-01 3.370268487641940869e-01 3.318748040057312165e-01 3.386226279106623327e-01 3.304665476014706504e-01 4.592395865007205952e-02 4.678384019495820251e-02 4.509322581410896147e-02 4.766246837582360785e-02 4.438181092459858590e-02 4.851835800140801708e-02 4.382107606299556757e-02
1.000000000000000000e+00 1.449999999999999645e+01 2.903574694507099707e+00 2.904513422283241386e+00 2.902754020795508705e+00 2.905372308755034272e+00 2.901981567537839535e+00 2.906151718508816373e+00 2.901542966080262964e+00 3.365985734861122736e-01 3.381414910380377004e-01 3.350785218858513548e-01 3.396100423590174833e-01 3.336274590702902332e-01 3.417795175811195740e-01 3.325116678505768419e-01 4.582361092943541131e-02 4.676150860385009517e-02 4.485049479823328272e-02 4.785559922524983828e-02 4.397220219199308999e-02 4.860019422123103283e-02 4.309740471423334496e-02
1.000000000000000000e+00 1.459999999999999609e+01 2.937627196914471384e+00 2.938778515049438322e+00 2.936628886714733433e+00 2.939755570682714758e+00 2.935817700608572167e+00 2.940532255102499271e+00 2.934931478101089564e+00 3.379358619253439722e-01 3.399387911354294078e-01 3.358965159466916761e-01 3.416435733260957952e-01 3.341806490799956175e-01 3.432800810377220069e-01 3.331753770834187112e-01 4.585475243140405693e-02 4.700034406370211248e-02 4.465795747372737490e-02 4.834225943224524508e-02 4.349901181798239425e-02 4.953244420318705238e-02 4.264020924667506068e-02
1.000000000000000000e+00 1.469999999999999574e+01 2.971624042677888600e+00 2.972767906792182835e+00 2.970399111788947444e+00 2.973958948664850777e+00 2.969228053372924059e+00 2.974947256668651896e+00 2.968174303238403589e+00 3.384144976902619950e-01 3.406053889480596952e-01 3.360562730584589763e-01 3.426522614461858796e-01 3.339596814305113570e-01 3.442407203985289321e-01 3.308123924761569024e-01 4.599813359641730104e-02 4.721045696165986766e-02 4.465714899886427669e-02 4.842725014986582616e-02 4.323722613384676366e-02 4.990879028736513318e-02 4.121479814041564826e-02
1.000000000000000000e+00 1.479999999999999538e+01 3.005415723747277834e+00 3.006881277803816754e+00 3.003781023381649096e+00 3.008294804184928672e+00 3.002595095636614975e+00 3.009715617639738383e+00 3.001322915363204835e+00 3.381457897872277574e-01 3.408032001361985253e-01 3.352089739550386804e-01 3.437856935001297742e-01 3.324964875902020611e-01 3.458874118477006654e-01 3.299479619170724298e-01 4.603166243707875610e-02 4.763288302291913273e-02 4.448402573241002494e-02 4.928198359779389220e-02 4.293513438871530974e-02 5.056300190806948397e-02 4.108566306262052131e-02
1.000000000000000000e+00 1.489999999999999503e+01 3.038994026942912541e+00 3.040813510458770796e+00 3.037119532884812845e+00 3.042790511775959494e+00 3.035067472393265575e+00 3.044400766670405822e+00 3.032898142797795238e+00 3.374845927599953166e-01 3.409801908392700587e-01 3.341489034926435897e-01 3.442670767647942887e-01 3.303348790515172606e-01 3.475859836472513509e-01 3.271699970703527693e-01 4.609744996911300380e-02 4.780626065567661342e-02 4.443907411763499404e-02 4.936464675938835589e-02 4.271210296509559551e-02 5.105165318614664910e-02 4.074486592439489213e-02
1.000000000000000000e+00 1.499999999999999467e+01 3.072764893232285743e+00 3.075268443140581009e+00 3.070367104322495155e+00 3.077842636746658034e+00 3.068055225420442511e+00 3.079547008478766834e+00 3.065340937424596124e+00 3.376669813925278207e-01 3.423880893273262283e-01 3.329671824321361884e-01 3.471422194577186149e-01 3.288359966524748712e-01 3.510321173148796547e-01 3.242571993813985753e-01 4.606546720648965060e-02 4.777819154007181129e-02 4.413032979695646896e-02 4.944147629620709167e-02 4.249068149208658912e-02 5.152325405021510735e-02 4.027879080754626084e-02
1.000000000000000000e+00 1.509999999999999432e+01 3.107529713670637683e+00 3.110831030080492443e+00 3.103979840522950617e+00 3.114264253063856458e+00 3.100736196294283431e+00 3.118353107283005521e+00 3.098792431025413574e+00 3.398651557939527112e-01 3.460864426580192443e-01 3.336039564247331723e-01 3.526390874392368313e-01 3.274041283434439009e-01 3.596424565569488196e-01 3.232583847847543823e-01 4.624947613016449494e-02 4.838067776580797646e-02 4.410674853383072386e-02 5.003347564744249631e-02 4.209193226601570109e-02 5.162864229068345884e-02 4.056938250360232062e-02
1.000000000000000000e+00 1.519999999999999396e+01 3.143130728124701623e+00 3.147261646892556719e+00 3.138001734086881989e+00 3.151756266085920632e+00 3.132976074674566291e+00 3.155343288776574440e+00 3.127248764255060820e+00 3.433629794174496985e-01 3.510333286942126652e-01 3.345016817076569282e-01 3.585810662139211069e-01 3.257480416142931601e-01 3.636559661949117506e-01 3.178917338438112528e-01 4.607405581642634584e-02 4.838163872999254322e-02 4.381706531058885551e-02 5.021235581924887031e-02 4.138070707212281735e-02 5.187008960399190627e-02 3.835500422364254702e-02
1.000000000000000000e+00 1.529999999999999361e+01 3.180549325112046688e+00 3.186693764656701511e+00 3.173212411972180735e+00 3.192026709457704392e+00 3.165520545777171790e+00 3.196143267726365700e+00 3.160603674571391686e+00 3.499087253697311661e-01 3.604274936880614288e-01 3.370950132493851781e-01 3.694239606621276817e-01 3.252901073356859185e-01 3.781212034964238633e-01 3.162509081282719459e-01 4.629646164218088888e-02 4.847212866709454254e-02 4.370862385218676066e-02 5.085161898568218292e-02 4.120845476623139630e-02 5.361085745668466712e-02 3.934409022376792603e-02
