# Redshift log10(MStarSat_Threshold)[msun] <norm>[dex] norm+ norm- norm++ norm-- norm+++ norm--- <slope> slope+ slope- slope++ slope-- slope+++ slope--- <scatter>[ln] scatter+ scatter- scatter++ scatter-- scatter+++ scatter---
0.000000000000000000e+00 8.500000000000000000e+00 2.695271054301607627e+00 2.696734761095598287e+00 2.693922877781416148e+00 2.698270321296545760e+00 2.692477391839389611e+00 2.699620958427025208e+00 2.691325159382585763e+00 3.452891220567411157e-01 3.491285040824274044e-01 3.417175749922565231e-01 3.523963494987213951e-01 3.383742494143267554e-01 3.564695119470480678e-01 3.351819777014772295e-01 9.054084415008005482e-02 9.358731528463593019e-02 8.766857533332914065e-02 9.679878173141992503e-02 8.517192249293606410e-02 9.994688001833325341e-02 8.296514719036879315e-02
0.000000000000000000e+00 8.699999999999999289e+00 2.692691252607129826e+00 2.694063939510074057e+00 2.691303553205957044e+00 2.695439902079674876e+00 2.689962518262814850e+00 2.696874106876701482e+00 2.688159969269523941e+00 3.463577813483986745e-01 3.499503414869494233e-01 3.426929067196284873e-01 3.537683274982340587e-01 3.389968404907707233e-01 3.564419011016628502e-01 3.360105968713186231e-01 9.091652312126884128e-02 9.438595097113929022e-02 8.739350959681324582e-02 9.800860209686670932e-02 8.392881620114789332e-02 1.023267324217347202e-01 8.151921370865801431e-02
0.000000000000000000e+00 8.899999999999998579e+00 2.690338222113088928e+00 2.691897444932883410e+00 2.688819386388019872e+00 2.693403552210302809e+00 2.687296680021594941e+00 2.694615147183449189e+00 2.685684332089482318e+00 3.479330138778979897e-01 3.519306489225233481e-01 3.437523461752170495e-01 3.554175049720237900e-01 3.397293834162540271e-01 3.585175487377229575e-01 3.354425915494482768e-01 9.445230130124632195e-02 9.826619089015922737e-02 9.086326804973911264e-02 1.018774097032057457e-01 8.761602860930850500e-02 1.061130087356030316e-01 8.354362164776645006e-02
0.000000000000000000e+00 8.999999999999998224e+00 2.689379286582603612e+00 2.691034529367840378e+00 2.687824012896190329e+00 2.692408309155755575e+00 2.686221498652270334e+00 2.693935269651773545e+00 2.684845467972358790e+00 3.477752665618594197e-01 3.518138271154148677e-01 3.440959091213305898e-01 3.557993459009336501e-01 3.397846152581693313e-01 3.592820367456550090e-01 3.352014797044177707e-01 9.562404139976940498e-02 9.893859003680488540e-02 9.244449741741174453e-02 1.019273782697682762e-01 8.887361729877031602e-02 1.048872741350628662e-01 8.596643613051545285e-02
0.000000000000000000e+00 9.199999999999997513e+00 2.686665027065100464e+00 2.688448108524403857e+00 2.685131101871580661e+00 2.689947910778638374e+00 2.683598357642656307e+00 2.691158893508959871e+00 2.682259642896346552e+00 3.493326986495370878e-01 3.534801259851149680e-01 3.451976156627039050e-01 3.573375206198569076e-01 3.408096535001932659e-01 3.616876973707806586e-01 3.354835850347350767e-01 9.627679833413078925e-02 1.002135743547613450e-01 9.227880978682329038e-02 1.034693491692822570e-01 8.932081525648929987e-02 1.069196535571550338e-01 8.708112770250098222e-02
0.000000000000000000e+00 9.399999999999996803e+00 2.685006116453810598e+00 2.686714135728441200e+00 2.683289705876121367e+00 2.688225103432766439e+00 2.681792594779556893e+00 2.690009467166957435e+00 2.680295392358942319e+00 3.487915504790239929e-01 3.533598504499274595e-01 3.444991332377329574e-01 3.573497155537734837e-01 3.402511825040072102e-01 3.609712640288882390e-01 3.362336596668625277e-01 9.798585762043118819e-02 1.030764528072746905e-01 9.289422195456874254e-02 1.074320016070769157e-01 8.779194809750189010e-02 1.112229386342749177e-01 8.452283686682104946e-02
0.000000000000000000e+00 9.499999999999996447e+00 2.683705947089572774e+00 2.685398490727454401e+00 2.681852896864026281e+00 2.687166328644198465e+00 2.680020686749520209e+00 2.688647283427347823e+00 2.678162827087825271e+00 3.485124451192456174e-01 3.529076610002863656e-01 3.438946366439744051e-01 3.569904944163053706e-01 3.393425873459416930e-01 3.605006164031368532e-01 3.348097372351038770e-01 9.809812023223159205e-02 1.030915800023249757e-01 9.287543936796403832e-02 1.080292030494068439e-01 8.884432492576371798e-02 1.130942812925826574e-01 8.597545058877179014e-02
0.000000000000000000e+00 9.699999999999995737e+00 2.681041479388443172e+00 2.682816309069864236e+00 2.678994407302963232e+00 2.684776989473467879e+00 2.677212638845294368e+00 2.686503935593724801e+00 2.675695554399743603e+00 3.523751636687810773e-01 3.573160504269196069e-01 3.473960864927391756e-01 3.618693175634566384e-01 3.424867381590101512e-01 3.669137767978815634e-01 3.389439276069558526e-01 1.014113153939980583e-01 1.065828210484350003e-01 9.629102259208091596e-02 1.109552770418244377e-01 9.182967552426912761e-02 1.142290231319255667e-01 8.165188516696181287e-02
0.000000000000000000e+00 9.899999999999995026e+00 2.678929821580013027e+00 2.681070719504422328e+00 2.676853286868651427e+00 2.683076777252598077e+00 2.674997873451849362e+00 2.684198447039171764e+00 2.672880796434961681e+00 3.530316912456099576e-01 3.585692469126017801e-01 3.476631275368610718e-01 3.637606557865940005e-01 3.427710854793242223e-01 3.682100858804429055e-01 3.363931677595615177e-01 1.059055328424626657e-01 1.115469228555938941e-01 9.883130856691295374e-02 1.168407815844263592e-01 9.160021584060659694e-02 1.212384093969574445e-01 8.662600559447189430e-02
0.000000000000000000e+00 9.999999999999994671e+00 2.677229190240647760e+00 2.679528747417725842e+00 2.675226873132164229e+00 2.681717245632454727e+00 2.672956142183563699e+00 2.683299100281860472e+00 2.671202070615534829e+00 3.526202692929703009e-01 3.578987872192168074e-01 3.470345710853250942e-01 3.634623638573927229e-01 3.416117463051407954e-01 3.690241408320067973e-01 3.364946964919454109e-01 1.051200811425190146e-01 1.114469746493194635e-01 9.767396333741454328e-02 1.177440307666918901e-01 8.973571552978477917e-02 1.213819762840711303e-01 8.349029368504413962e-02
0.000000000000000000e+00 1.009999999999999432e+01 2.676017357589853596e+00 2.678351865417438749e+00 2.673791205782649172e+00 2.680606292630645981e+00 2.671698693441420858e+00 2.683120922789025808e+00 2.669203301866874156e+00 3.519893569742993389e-01 3.579208334216233967e-01 3.459517089283651314e-01 3.640063231336414518e-01 3.399644386964303377e-01 3.706041703068938542e-01 3.360982140428689369e-01 1.064564107013677013e-01 1.131197308303870525e-01 9.914427289070497362e-02 1.187670044052833301e-01 9.310595886630694540e-02 1.231132564761133058e-01 8.338976744327375457e-02
0.000000000000000000e+00 1.019999999999999396e+01 2.672564909296926139e+00 2.675170150600545416e+00 2.670024998363311752e+00 2.677532701390359815e+00 2.667612169992981563e+00 2.679911778128674094e+00 2.665179829616716400e+00 3.527309155757563097e-01 3.589087050939538392e-01 3.466558555135214603e-01 3.647159736759609250e-01 3.401527480126471104e-01 3.699669474655216672e-01 3.342234931061491277e-01 1.159067797912532449e-01 1.238740556499651757e-01 1.086037740318489819e-01 1.311047471705838463e-01 9.952378630239440416e-02 1.390068487715684920e-01 9.210675939202506157e-02
0.000000000000000000e+00 1.029999999999999361e+01 2.670324295284773886e+00 2.672779176217985331e+00 2.667623003163318796e+00 2.675237921174947964e+00 2.664863184378448491e+00 2.677095290240240288e+00 2.662328408937959523e+00 3.559394215140665452e-01 3.626177242850491256e-01 3.489056858015084361e-01 3.690671096393446926e-01 3.432943902893085819e-01 3.750684261922779261e-01 3.372203827452582847e-01 1.212583610267764789e-01 1.296785090471496427e-01 1.123368703500131210e-01 1.399454455855871360e-01 1.030138147421032907e-01 1.511456392668454607e-01 9.889551037912966414e-02
0.000000000000000000e+00 1.039999999999999325e+01 2.668536897592636237e+00 2.671266959027280397e+00 2.665848978428596361e+00 2.673804086677536773e+00 2.663116751968282792e+00 2.676288720927823217e+00 2.659580104336142004e+00 3.614375609242970189e-01 3.682092240851622122e-01 3.543519537902369843e-01 3.756354665393521475e-01 3.475634820517939372e-01 3.832806659309089259e-01 3.396099289972189794e-01 1.221849457075543932e-01 1.322021822950545933e-01 1.126579161404236695e-01 1.436279172139930393e-01 1.055213086742159551e-01 1.512560135152857532e-01 1.001142962808531794e-01
0.000000000000000000e+00 1.049999999999999289e+01 2.667178274293990015e+00 2.670377433872454187e+00 2.664138332693007705e+00 2.673192487979107579e+00 2.661139750550476357e+00 2.675897993604912095e+00 2.658131421065440758e+00 3.634842040330321655e-01 3.709155558353734450e-01 3.560275661976616268e-01 3.787148222875973969e-01 3.485835961845722419e-01 3.846453009238585685e-01 3.410733475432182193e-01 1.148295601575551328e-01 1.239962794619297454e-01 1.032784201010591707e-01 1.317030389007933511e-01 9.607101781419838393e-02 1.383595545325241316e-01 9.061430290977957880e-02
0.000000000000000000e+00 1.059999999999999254e+01 2.663568251158890732e+00 2.667312003124720388e+00 2.660147891074143622e+00 2.670166450338730346e+00 2.656815578545608236e+00 2.673946035105095209e+00 2.653852213212997135e+00 3.681372789043135807e-01 3.767604181294131882e-01 3.600854465300008522e-01 3.856562270077737997e-01 3.525330045967506876e-01 3.956138371662938913e-01 3.450646133946132510e-01 1.110423631928230126e-01 1.249323681629718602e-01 9.023478274722609993e-02 1.382029441544360415e-01 7.263077134154724557e-02 1.511356897990336901e-01 6.960401157420299800e-02
0.000000000000000000e+00 1.069999999999999218e+01 2.663111942082625472e+00 2.666869980134776608e+00 2.659677837826251334e+00 2.670283284100233079e+00 2.656824501829181173e+00 2.673550838555647680e+00 2.652792112866958263e+00 3.671419574960388399e-01 3.760120905073451314e-01 3.583959235888061201e-01 3.851882184587944180e-01 3.498200242907504864e-01 3.928189688254761225e-01 3.368438758695749824e-01 7.070268613819380432e-02 8.571202752734982666e-02 5.398144868641859689e-02 1.131294524209993241e-01 4.499886794353050862e-02 1.283688006532939241e-01 4.301664738905266322e-02
0.000000000000000000e+00 1.079999999999999183e+01 2.651408935457659766e+00 2.656941706172298190e+00 2.646291568237028713e+00 2.661617489642119416e+00 2.641063652051575783e+00 2.667260571116705226e+00 2.636369162289138313e+00 3.817691236841336266e-01 3.937822397535417074e-01 3.698381042804493313e-01 4.057825754075154445e-01 3.568669669026202640e-01 4.162639522691574667e-01 3.460461285005527743e-01 1.194092474435348161e-01 1.416335647181472535e-01 1.000834376230054223e-01 1.610302922225984035e-01 7.721614824898084817e-02 1.766683542538190765e-01 7.250220385447996019e-02
5.030475232448829992e-01 8.500000000000000000e+00 2.695694557305649219e+00 2.697425185232092737e+00 2.693957713170011647e+00 2.699471330084202148e+00 2.692310596226322961e+00 2.700744772384252368e+00 2.690630133400706558e+00 3.477389414004483648e-01 3.526920198799766148e-01 3.421989450206149863e-01 3.581835807753364631e-01 3.380036643131061336e-01 3.618687203989573997e-01 3.333403657790252050e-01 1.044205086983460429e-01 1.080903103415755961e-01 1.007954985922275420e-01 1.117067642899793600e-01 9.705391491392584280e-02 1.153457053394811305e-01 9.319432982641207008e-02
5.030475232448829992e-01 8.699999999999999289e+00 2.693270887413493853e+00 2.694970464089445628e+00 2.691406930046342794e+00 2.696741552093281147e+00 2.689445267170524012e+00 2.698349643167675893e+00 2.688070290860352429e+00 3.485832278099698645e-01 3.541860837589618782e-01 3.435239902890361297e-01 3.592927829566794351e-01 3.382280257239045906e-01 3.659473161245724859e-01 3.330431880940231681e-01 1.067253072964537697e-01 1.103259925111862716e-01 1.028677212894042042e-01 1.141851859254195134e-01 9.929581052828193033e-02 1.191984987869704055e-01 9.354031882541440079e-02
5.030475232448829992e-01 8.899999999999998579e+00 2.690327092501585415e+00 2.692137508209183405e+00 2.688449598014341912e+00 2.693813837463233885e+00 2.686474714650625373e+00 2.695677829843472040e+00 2.684473671893575553e+00 3.500171240530713934e-01 3.553777256387588013e-01 3.444953270694641745e-01 3.602205128634812237e-01 3.393023275898521263e-01 3.655816947151147578e-01 3.349324325421819126e-01 1.081007772740734396e-01 1.122564212249949622e-01 1.039465284279189328e-01 1.162042836152812619e-01 9.942235148463511585e-02 1.207579936411604660e-01 9.303001324257371973e-02
5.030475232448829992e-01 8.999999999999998224e+00 2.688506995801213328e+00 2.690539659616410617e+00 2.686649592636040307e+00 2.692432275656132745e+00 2.684783573326429806e+00 2.694729912566123264e+00 2.683266056587145787e+00 3.485224205058967684e-01 3.541925908773536080e-01 3.431764974622669717e-01 3.593575576213318135e-01 3.375800777323029189e-01 3.665539338681269022e-01 3.329002178201907469e-01 1.087689540113684628e-01 1.132158989049828340e-01 1.042730384589687087e-01 1.171543242248115207e-01 9.989293628372949985e-02 1.207465000688690560e-01 9.645370500318331541e-02
5.030475232448829992e-01 9.199999999999997513e+00 2.685453559104054033e+00 2.687441787287749850e+00 2.683598243468894751e+00 2.689458048612564323e+00 2.681577955951813586e+00 2.691351530347540599e+00 2.680279304649441752e+00 3.519943076480502864e-01 3.578829630716356403e-01 3.465693754778224056e-01 3.629861417224592990e-01 3.414347282044989940e-01 3.691541123261469215e-01 3.360040673613259865e-01 1.112067893722433753e-01 1.158234977567041135e-01 1.064289862996120328e-01 1.206620662317204745e-01 1.019336796203706291e-01 1.245541442277046940e-01 9.783971613323046157e-02
5.030475232448829992e-01 9.399999999999996803e+00 2.682866009941272445e+00 2.684998514330054764e+00 2.680689247952628751e+00 2.686991160391932532e+00 2.678626408191619124e+00 2.689693854457398725e+00 2.677034847722902455e+00 3.544932840456993528e-01 3.605365480226673247e-01 3.485219634541653622e-01 3.661022772069774112e-01 3.428163397015048242e-01 3.728172505747269772e-01 3.365469430193323563e-01 1.112837594864812818e-01 1.166469053347562734e-01 1.056325320789945760e-01 1.217548596900101116e-01 1.009576520887650042e-01 1.274517129848207753e-01 9.705363323232246708e-02
5.030475232448829992e-01 9.499999999999996447e+00 2.679576000164722860e+00 2.681851575209959648e+00 2.677438204493231666e+00 2.683928251585353753e+00 2.675088692775168919e+00 2.685785410096773518e+00 2.673061338652221952e+00 3.499392577298143792e-01 3.561667012179170477e-01 3.434196728439480317e-01 3.623726139372975830e-01 3.377659030460502532e-01 3.690939174490374675e-01 3.326259698914665885e-01 1.155528878514927860e-01 1.213280363829726261e-01 1.103414573070111704e-01 1.270315606903977268e-01 1.050256351018094142e-01 1.322793930153520758e-01 1.018857992695326731e-01
5.030475232448829992e-01 9.699999999999995737e+00 2.676908878347563636e+00 2.679292423810079260e+00 2.674689819073942321e+00 2.681508123620271800e+00 2.672557435681876203e+00 2.684060178106430161e+00 2.670683910405168060e+00 3.515276886001650336e-01 3.578021879818256146e-01 3.449131162996962319e-01 3.641261173273126484e-01 3.376721500475887705e-01 3.713601576120042491e-01 3.282074064148292614e-01 1.168370305482855365e-01 1.233405562321725490e-01 1.100672920668427923e-01 1.301772940650334498e-01 1.032638237839879902e-01 1.349456809834876370e-01 9.741340135775956866e-02
5.030475232448829992e-01 9.899999999999995026e+00 2.674451151994903242e+00 2.676848817203098196e+00 2.672036898580540942e+00 2.679398969137093189e+00 2.669387875765139029e+00 2.682365300146085652e+00 2.666749534926167620e+00 3.567030993365793989e-01 3.641217006860912320e-01 3.494878055714988330e-01 3.707142751759849864e-01 3.429644473010618477e-01 3.760814866564524128e-01 3.368991969670731557e-01 1.204485949449382587e-01 1.286934862566716797e-01 1.124326218079086531e-01 1.350122706562225661e-01 1.045942419976366444e-01 1.405844194231052335e-01 1.001919499595054913e-01
5.030475232448829992e-01 9.999999999999994671e+00 2.671896976558358894e+00 2.674737340590305212e+00 2.669270204437363070e+00 2.677246320200259877e+00 2.666592015473970623e+00 2.680253636408329587e+00 2.663675027711700949e+00 3.624992237426105657e-01 3.703145714928977039e-01 3.550642957298988378e-01 3.777183537917783718e-01 3.476873089728204080e-01 3.831191516147499643e-01 3.414440723734238903e-01 1.266616724958626872e-01 1.349563857419325275e-01 1.165881055964413521e-01 1.426294892275467296e-01 1.088538039413386865e-01 1.490221271283247439e-01 1.029157869784051438e-01
5.030475232448829992e-01 1.009999999999999432e+01 2.670446943269007889e+00 2.673119046613020799e+00 2.667646062128418816e+00 2.675804969118775301e+00 2.664954153104384993e+00 2.678619406979548589e+00 2.662572514829291137e+00 3.637633982492805007e-01 3.716144377246055619e-01 3.559757307033164508e-01 3.792762081174023137e-01 3.478565920670075862e-01 3.891065876060355588e-01 3.419236295552479099e-01 1.270441624098420930e-01 1.364825118380117996e-01 1.185352610313054056e-01 1.451260139475304689e-01 1.117115673669552139e-01 1.538596563810245565e-01 1.033434885839373957e-01
5.030475232448829992e-01 1.019999999999999396e+01 2.668122130877307541e+00 2.671146212675447273e+00 2.665157579278813582e+00 2.674254118373813327e+00 2.662542827005567769e+00 2.677881343969723993e+00 2.659897955673692138e+00 3.663745215075009387e-01 3.753839305356093115e-01 3.579523566798314960e-01 3.831770295500592782e-01 3.489116771985378285e-01 3.905106823333194810e-01 3.391192631759084586e-01 1.340708599070109808e-01 1.442736730213250440e-01 1.244972396815380022e-01 1.526934718740830810e-01 1.147290269480387148e-01 1.590848137630934134e-01 1.103413759502273050e-01
5.030475232448829992e-01 1.029999999999999361e+01 2.665340580066393184e+00 2.668329235455345838e+00 2.662358813116597389e+00 2.671465721690366557e+00 2.658983663067362890e+00 2.674183142849632766e+00 2.654628537068483229e+00 3.718944745745900171e-01 3.806878428664846603e-01 3.636698909311052996e-01 3.890447772883962596e-01 3.541219206240622808e-01 3.985870068844292735e-01 3.447597634265515132e-01 1.327854366803997155e-01 1.440550458514320842e-01 1.232732962655775644e-01 1.581126936152001672e-01 1.148416382306663985e-01 1.645152217025001029e-01 1.087709353878329038e-01
5.030475232448829992e-01 1.039999999999999325e+01 2.663031396177093502e+00 2.666252054899474366e+00 2.659676543779244007e+00 2.669275224495300414e+00 2.656290620159026616e+00 2.672565797619650851e+00 2.652916882666190190e+00 3.664929767217606216e-01 3.757767505832552146e-01 3.570577356448144668e-01 3.847399224310728560e-01 3.482693768799579592e-01 3.937442272669290921e-01 3.343403584141857454e-01 1.366730076470265010e-01 1.460702770288966057e-01 1.245660459156705258e-01 1.556099918082537170e-01 1.146837696649662397e-01 1.716320552654407583e-01 1.074973180540687440e-01
5.030475232448829992e-01 1.049999999999999289e+01 2.659669126910441328e+00 2.663284887905086773e+00 2.655984913636414646e+00 2.666420500946177441e+00 2.652375608471884583e+00 2.670201318183402783e+00 2.648453418870436948e+00 3.740756919120402646e-01 3.845255093292763160e-01 3.639410173222002443e-01 3.942623339202643296e-01 3.537264111149175383e-01 4.049146056272937000e-01 3.432759542881637094e-01 1.341778895118036496e-01 1.475734187857304092e-01 1.215146724335390699e-01 1.582051384422036300e-01 1.011647308141993412e-01 1.680405149687138333e-01 9.059822495539815446e-02
5.030475232448829992e-01 1.059999999999999254e+01 2.653440215018622261e+00 2.657612033135924090e+00 2.649264277578542437e+00 2.661731645570650784e+00 2.645493252568000386e+00 2.665316484781669715e+00 2.641601619772847798e+00 3.773961820949167656e-01 3.888215946938907153e-01 3.658264124745119750e-01 4.000776990209281014e-01 3.552880316300177643e-01 4.104148769205566705e-01 3.441552607913537232e-01 1.375146833997826779e-01 1.545365270393037338e-01 1.231604729290945444e-01 1.654506419513186166e-01 1.082142040407473443e-01 1.745629697800075708e-01 9.172715314819354648e-02
5.030475232448829992e-01 1.069999999999999218e+01 2.647529034185787999e+00 2.652637721481913236e+00 2.642535437383245256e+00 2.657481872909424947e+00 2.638077853185555099e+00 2.660583259389021293e+00 2.635290171231373435e+00 3.915334572872242180e-01 4.059588568833601974e-01 3.779272214659590290e-01 4.181142466923759571e-01 3.655909766548836037e-01 4.296830907723460102e-01 3.499816684140512058e-01 1.376633993916644705e-01 1.531288203995149755e-01 1.229436975204637045e-01 1.684096293769915542e-01 9.300473845785253713e-02 1.776256286165280585e-01 8.511124127293910602e-02
5.030475232448829992e-01 1.079999999999999183e+01 2.634025902610478198e+00 2.640068040990850129e+00 2.627737274955952440e+00 2.645405962829610047e+00 2.622117902313801263e+00 2.649911008129485879e+00 2.617105376301767539e+00 3.973365605184575600e-01 4.130673338061887634e-01 3.813027919090427598e-01 4.271103301963482535e-01 3.659042502943397612e-01 4.448315128012922948e-01 3.532338305189152150e-01 1.448312360007193988e-01 1.691260232767073934e-01 1.126624237975362708e-01 1.882747206026507969e-01 9.390622940413496933e-02 2.048242901198953914e-01 8.665017781736736313e-02
9.972942257819400469e-01 8.500000000000000000e+00 2.692858141080290757e+00 2.695414344237948345e+00 2.690374667262621422e+00 2.697794704677042077e+00 2.687984951138324696e+00 2.700546563650250587e+00 2.686110525896929335e+00 3.505201963433579593e-01 3.600416676530965865e-01 3.411672101358755316e-01 3.680121240536273763e-01 3.327596134288956509e-01 3.769995052531066593e-01 3.239968565510751852e-01 1.246881089625803962e-01 1.298647677289683500e-01 1.196737919288896612e-01 1.348088344782524817e-01 1.153306459125656575e-01 1.387385566382598467e-01 1.106095470217687560e-01
9.972942257819400469e-01 8.699999999999999289e+00 2.689430551447717921e+00 2.691939054539221221e+00 2.686575981863487339e+00 2.694616756845146899e+00 2.683804456402947292e+00 2.697520239448386370e+00 2.679878788587443772e+00 3.576891072783150438e-01 3.676593613285494833e-01 3.476368528762182608e-01 3.765682647890704615e-01 3.371708795128354197e-01 3.823430845187775207e-01 3.278523058802538248e-01 1.291632307351186504e-01 1.347954086096855852e-01 1.233255275398926487e-01 1.406693331628504906e-01 1.179027694732344839e-01 1.468547658501703213e-01 1.135898532955182394e-01
9.972942257819400469e-01 8.899999999999998579e+00 2.685580002393789023e+00 2.688385121579351278e+00 2.682949112701396466e+00 2.691094578427515760e+00 2.680036434126117140e+00 2.693174413636897135e+00 2.676976598321866962e+00 3.579577445565929050e-01 3.671828488829103621e-01 3.483123395039177117e-01 3.784466194486360568e-01 3.379566673474418970e-01 3.884763842276335866e-01 3.317935717222619818e-01 1.303042882533375912e-01 1.366584558604133359e-01 1.240500286170638788e-01 1.424767097276720129e-01 1.178867824109764845e-01 1.467318274943445189e-01 1.106541968765401146e-01
9.972942257819400469e-01 8.999999999999998224e+00 2.683280342523206574e+00 2.685982816179457000e+00 2.680425539359595710e+00 2.688837623295896151e+00 2.677947735853963618e+00 2.690943062829554311e+00 2.675351783450673260e+00 3.596490701667198753e-01 3.698370269790239862e-01 3.494589786772568374e-01 3.791315957560045247e-01 3.398293373449139954e-01 3.874134727875237494e-01 3.319010553725968982e-01 1.318661886387998416e-01 1.384087253098116310e-01 1.254344849513506499e-01 1.446055200603675595e-01 1.199621476139540871e-01 1.493684068740726845e-01 1.153435965496133614e-01
9.972942257819400469e-01 9.199999999999997513e+00 2.679406953604287267e+00 2.682291535205783894e+00 2.676449692614220943e+00 2.685138730358314962e+00 2.673666620234692815e+00 2.688302791040118933e+00 2.670321267189155634e+00 3.595616173453297648e-01 3.704987939704731947e-01 3.487066163234551208e-01 3.802481174085522442e-01 3.382222680416486216e-01 3.926623283344761184e-01 3.282431034618897292e-01 1.353879299917510881e-01 1.416982171612132246e-01 1.286633833597418675e-01 1.483937402805700634e-01 1.227417199373862094e-01 1.544770912869212198e-01 1.165652074052448556e-01
9.972942257819400469e-01 9.399999999999996803e+00 2.674410374064325246e+00 2.677421419825495974e+00 2.671166281958617716e+00 2.680684145281673203e+00 2.667886234775088017e+00 2.683985100409685742e+00 2.664961424027105341e+00 3.602720528892200402e-01 3.710696454437060199e-01 3.493848574600540435e-01 3.814519823945624055e-01 3.393191172602270655e-01 3.917463629513990853e-01 3.288010719022921857e-01 1.466913322062174396e-01 1.539757471998330907e-01 1.398229056929551350e-01 1.599756064944403700e-01 1.340948221915753413e-01 1.659854053648270600e-01 1.278595594972252725e-01
9.972942257819400469e-01 9.499999999999996447e+00 2.671853015218392802e+00 2.675240170322288780e+00 2.668612985781567026e+00 2.678611777032511299e+00 2.665379232771894813e+00 2.683794908347546748e+00 2.662895449330333619e+00 3.627528039859317932e-01 3.756543844420579537e-01 3.506458212386018847e-01 3.873430700794511239e-01 3.395673380113250484e-01 4.017749263837107621e-01 3.217628196705282773e-01 1.475574032750328057e-01 1.548019315079054992e-01 1.400705009719317440e-01 1.623041820869209617e-01 1.321692578496534431e-01 1.724183587698203401e-01 1.249550488438566781e-01
9.972942257819400469e-01 9.699999999999995737e+00 2.667517310470610692e+00 2.670847992726921305e+00 2.664063641117914383e+00 2.674175286954783459e+00 2.660408669943797655e+00 2.676890860219079737e+00 2.656854654902620627e+00 3.719854218964269155e-01 3.849216965967000581e-01 3.592227765159530239e-01 3.959689961443551010e-01 3.473677551175792799e-01 4.060355422699544192e-01 3.326713054516670098e-01 1.496705088950944229e-01 1.593694342100903105e-01 1.412081129401739077e-01 1.685714681514233204e-01 1.347739927024148021e-01 1.751151650018641093e-01 1.275567141969254359e-01
9.972942257819400469e-01 9.899999999999995026e+00 2.661802589228892124e+00 2.665721153157657675e+00 2.658080300876352720e+00 2.669392033665586972e+00 2.653782386206740895e+00 2.673292172841815972e+00 2.648333886184105257e+00 3.755455970077781203e-01 3.901532659750047149e-01 3.613629947697411526e-01 4.050714998636902320e-01 3.477235353172958288e-01 4.228418123969767128e-01 3.369388202856480885e-01 1.574663476318375888e-01 1.673049165356127188e-01 1.482579580407424602e-01 1.790094209925357227e-01 1.394459467714844747e-01 1.912797639757624624e-01 1.310446853848809268e-01
9.972942257819400469e-01 9.999999999999994671e+00 2.657307490097025049e+00 2.661404756090540502e+00 2.653496737107904568e+00 2.665537342933612219e+00 2.649805883891647618e+00 2.669443917844898095e+00 2.644946893769273277e+00 3.718954411019981254e-01 3.865091304986535969e-01 3.570064148921412994e-01 4.011084663553771135e-01 3.427096088156691978e-01 4.119237257755444803e-01 3.294718884208235887e-01 1.644996941908080934e-01 1.759652521553935478e-01 1.523434419718363020e-01 1.855174593228557101e-01 1.396221229584495016e-01 1.986981226598259209e-01 1.306090617755194527e-01
9.972942257819400469e-01 1.009999999999999432e+01 2.651203279664309242e+00 2.655499548969599832e+00 2.646775111485455412e+00 2.659896837685568727e+00 2.641991278658956332e+00 2.663574259451782833e+00 2.638155519717883646e+00 3.739951824297682581e-01 3.891410149926291528e-01 3.576116616408967497e-01 4.039930253104027646e-01 3.425842494028660257e-01 4.176698980047577892e-01 3.299444617283286418e-01 1.790925847131560888e-01 1.898381494013910709e-01 1.681731678638433425e-01 2.017339890483063614e-01 1.546289432738708891e-01 2.120448307913905817e-01 1.432054316641127034e-01
9.972942257819400469e-01 1.019999999999999396e+01 2.648196413847526465e+00 2.652375685319500853e+00 2.643318447474746868e+00 2.656691532830208313e+00 2.638256369862708173e+00 2.660805072387833814e+00 2.634998337886438335e+00 3.749231540913722238e-01 3.910861063386161796e-01 3.585117401006892024e-01 4.081163979094075134e-01 3.428769550685391576e-01 4.261955203038347850e-01 3.263160620649049881e-01 1.845953470705266608e-01 1.961681506042058931e-01 1.732121115868640870e-01 2.082337802395221593e-01 1.638664912517622529e-01 2.200657484897471927e-01 1.550003484604820514e-01
9.972942257819400469e-01 1.029999999999999361e+01 2.646794760033492011e+00 2.651378967501791806e+00 2.641702870255055124e+00 2.655679831507888000e+00 2.636509287007951841e+00 2.660502576349691228e+00 2.629779933525589808e+00 3.753203868214682881e-01 3.919738403363453028e-01 3.574309022310960815e-01 4.068141422172651955e-01 3.403566126151810201e-01 4.255653246825113478e-01 3.164865449763556993e-01 1.840637816373617841e-01 1.979737757590327440e-01 1.700746995846803555e-01 2.110794525457249382e-01 1.564866831202770814e-01 2.235649449577025993e-01 1.467653069574242353e-01
9.972942257819400469e-01 1.039999999999999325e+01 2.643328065250361014e+00 2.648394355078147022e+00 2.638288321962984018e+00 2.652899696347339908e+00 2.632989939306118021e+00 2.657564507537925280e+00 2.628525456991513298e+00 3.806994928081031127e-01 3.988441324677614030e-01 3.623867572904783674e-01 4.176681820364676612e-01 3.451018495719591073e-01 4.358665477910868002e-01 3.276986685536327770e-01 1.921553619892388265e-01 2.074845111834548728e-01 1.746716607471095750e-01 2.213801600911299017e-01 1.620027844063328393e-01 2.331247274489071653e-01 1.459869017183572648e-01
9.972942257819400469e-01 1.049999999999999289e+01 2.636431646971584275e+00 2.642037897879386144e+00 2.630816424992090230e+00 2.646762940882911419e+00 2.625084551657971943e+00 2.651543731378053881e+00 2.618823585492239925e+00 3.858120332073600167e-01 4.056476495158506945e-01 3.651594931094696572e-01 4.252831173522352848e-01 3.452588367196824382e-01 4.425186331100206538e-01 3.295203160643852547e-01 1.927163701287297748e-01 2.131486274930299574e-01 1.745251987827588502e-01 2.365431912713741314e-01 1.459244798038444035e-01 2.501172961217308366e-01 1.276561995032123309e-01
9.972942257819400469e-01 1.059999999999999254e+01 2.633114173458880103e+00 2.639146818789547932e+00 2.626885332831123243e+00 2.644520738840647311e+00 2.620799776102196166e+00 2.650364817762227876e+00 2.615727720645141474e+00 3.849972413500013513e-01 4.068014993792957723e-01 3.634945991302211965e-01 4.281530252590711183e-01 3.421617911841428605e-01 4.498434899244249663e-01 3.189697003329223235e-01 2.004908239673049153e-01 2.224035307571847198e-01 1.793348329784129613e-01 2.412663953043516774e-01 1.585051856268553661e-01 2.652844474704931788e-01 1.432153266085348653e-01
9.972942257819400469e-01 1.069999999999999218e+01 2.619377661187792583e+00 2.627160459135771564e+00 2.611722383822538962e+00 2.634635890388003165e+00 2.605000734304705468e+00 2.641386844178139626e+00 2.595855073055170159e+00 4.043028964811123949e-01 4.309675898135527650e-01 3.771162539288038795e-01 4.545854672060672952e-01 3.531131879551746566e-01 4.826960616385943537e-01 3.307089364805467779e-01 2.227322724101158391e-01 2.475714808793372801e-01 1.964347949849745423e-01 2.728069965599370095e-01 1.719224513341403582e-01 2.932754882428846854e-01 1.575963716928269476e-01
9.972942257819400469e-01 1.079999999999999183e+01 2.604511314808624078e+00 2.613823296763828186e+00 2.596057439915587572e+00 2.621995652452647541e+00 2.586308958590195495e+00 2.628763022215675260e+00 2.577095023661304829e+00 4.095566358902780202e-01 4.394534030968403338e-01 3.801883911813837003e-01 4.687233832179656945e-01 3.531078675354787921e-01 5.016852017923728591e-01 3.229024282332562668e-01 2.318016084893103623e-01 2.652447800109166698e-01 1.932364927880206862e-01 2.935536174011144084e-01 1.725254262714712439e-01 3.192168985153408522e-01 1.597439807209312113e-01
