# Redshift log10(MStarSat_Threshold)[msun] <norm>[dex] norm+ norm- norm++ norm-- norm+++ norm--- <slope> slope+ slope- slope++ slope-- slope+++ slope--- <scatter>[ln] scatter+ scatter- scatter++ scatter-- scatter+++ scatter---
0.000000000000000000e+00 8.999999999999998224e+00 2.697039418652621201e+00 2.698025423691922775e+00 2.696080630338702377e+00 2.699062242901134834e+00 2.695146554766087554e+00 2.699767151695907419e+00 2.694195326855249650e+00 3.466207012170263724e-01 3.483301267545936275e-01 3.449295019666256401e-01 3.499013862509406936e-01 3.433410228820479859e-01 3.513034250829680238e-01 3.420707625284782893e-01 1.345954334692924526e-01 1.368240294099203058e-01 1.322562494446770931e-01 1.391865559613952030e-01 1.301579694540105636e-01 1.408669075691836858e-01 1.264286322841050303e-01
0.000000000000000000e+00 9.199999999999997513e+00 2.697119172520999975e+00 2.698084289510970901e+00 2.696106637654354543e+00 2.699128700061188546e+00 2.695053670945751101e+00 2.700091882311100200e+00 2.694264144357902957e+00 3.466616050021209539e-01 3.483772923449197090e-01 3.449835884455735302e-01 3.499854018669415479e-01 3.434038165028002743e-01 3.515196599794946364e-01 3.418956980634678677e-01 1.342929736561842835e-01 1.366061109589512546e-01 1.320690525066087750e-01 1.389119822939568483e-01 1.298987585377595899e-01 1.414449737995782941e-01 1.264948940208745765e-01
0.000000000000000000e+00 9.399999999999996803e+00 2.696760395746866656e+00 2.697715458928423349e+00 2.695754525419396419e+00 2.698701001376014652e+00 2.694865371062270309e+00 2.699656589076571134e+00 2.693865341521368251e+00 3.464158842963549478e-01 3.481371214826470828e-01 3.446915248754944261e-01 3.499575372920290528e-01 3.429214047063852133e-01 3.511114398318003205e-01 3.414152024152690701e-01 1.357511155505650713e-01 1.380060281077971351e-01 1.333105803215081375e-01 1.403588877322220485e-01 1.310469872374788181e-01 1.424098941975906196e-01 1.283718416166482745e-01
0.000000000000000000e+00 9.499999999999996447e+00 2.696468390302163343e+00 2.697488630682562505e+00 2.695465696852235915e+00 2.698537396648807540e+00 2.694387013609358394e+00 2.699474837063482457e+00 2.693351860122546793e+00 3.461010792077867659e-01 3.478579618128339046e-01 3.444120607041353255e-01 3.496323527799920505e-01 3.428113410734545674e-01 3.514070466448687147e-01 3.409593644973606952e-01 1.363586245588433443e-01 1.386085257505414725e-01 1.341614990163313981e-01 1.410187622024134391e-01 1.319230509650091976e-01 1.434903878275431421e-01 1.301211850592312314e-01
0.000000000000000000e+00 9.699999999999995737e+00 2.694832067345690696e+00 2.695913850582455584e+00 2.693717155422428178e+00 2.697043294415120585e+00 2.692655139613752802e+00 2.697940528602643884e+00 2.691843935727123327e+00 3.464084293565072858e-01 3.482761984330770555e-01 3.444950518359489178e-01 3.499549730999380048e-01 3.426828689270280393e-01 3.514054031020333868e-01 3.409753221652192523e-01 1.364932965102531037e-01 1.390398595760930500e-01 1.341132141187472981e-01 1.415412561596144925e-01 1.319323882974424988e-01 1.447195428454946253e-01 1.297231617775841395e-01
0.000000000000000000e+00 9.899999999999995026e+00 2.693197402546727570e+00 2.694325396223153923e+00 2.692092926979719358e+00 2.695387975505291855e+00 2.690993637944866457e+00 2.696330284285453516e+00 2.690133746121983194e+00 3.469132948473174771e-01 3.487993844265488419e-01 3.450528372570279556e-01 3.506668618819483996e-01 3.434019727684852752e-01 3.523813129336982874e-01 3.417431929250908107e-01 1.381681413332133679e-01 1.406013143906732765e-01 1.355608571429423870e-01 1.432310155483060288e-01 1.329565932634740044e-01 1.457188642715990801e-01 1.304617648074614389e-01
0.000000000000000000e+00 9.999999999999994671e+00 2.693187402624528382e+00 2.694348609188769395e+00 2.691980524435243716e+00 2.695471285950356233e+00 2.690765619449394297e+00 2.696527464655730899e+00 2.689559464563444191e+00 3.463343517828354479e-01 3.483821224493792168e-01 3.444557896575616285e-01 3.501660911679110311e-01 3.425154732529340218e-01 3.518535872185593050e-01 3.404329510044295515e-01 1.392637269153617630e-01 1.418001724493033189e-01 1.368957746003547082e-01 1.443392881372963232e-01 1.345357315254779862e-01 1.459849730899821230e-01 1.317208758235947075e-01
0.000000000000000000e+00 1.009999999999999432e+01 2.692899070121921312e+00 2.694128551112623171e+00 2.691721758967311029e+00 2.695217427961970280e+00 2.690558457891084831e+00 2.696688406745039845e+00 2.689379386992822418e+00 3.465003994231641293e-01 3.483300209555343918e-01 3.445615556166755633e-01 3.501786099292930055e-01 3.427029763953070574e-01 3.522388605663163696e-01 3.406361553364838923e-01 1.382491904531835125e-01 1.409894846617345820e-01 1.355672271622325453e-01 1.440713168384500642e-01 1.329009678140019302e-01 1.474284915953270048e-01 1.294224873370625195e-01
0.000000000000000000e+00 1.019999999999999396e+01 2.694106967663095986e+00 2.695354372829247502e+00 2.692839268241689066e+00 2.696646851154000490e+00 2.691653894909528333e+00 2.697630296646182035e+00 2.690662954340681257e+00 3.449139567439152287e-01 3.469230201701977157e-01 3.429534283388055993e-01 3.487441374269937278e-01 3.409291713397042956e-01 3.503387043376142151e-01 3.392573189034819303e-01 1.381833837568149370e-01 1.409718166868139111e-01 1.352946059662912537e-01 1.438840060489217643e-01 1.325010464499126184e-01 1.470545737943866338e-01 1.295002975182655280e-01
0.000000000000000000e+00 1.029999999999999361e+01 2.695842080464223578e+00 2.697125333342626163e+00 2.694470934783566030e+00 2.698402589883441394e+00 2.693252163602150251e+00 2.699536836960407360e+00 2.692055502640513520e+00 3.436029600663204064e-01 3.457370412687906791e-01 3.415573299893711057e-01 3.477169985295520682e-01 3.396772678701051595e-01 3.495550821367634509e-01 3.379857961315712034e-01 1.360932040282831768e-01 1.389315990240802545e-01 1.332552705492523193e-01 1.418541246092083485e-01 1.302636306714087255e-01 1.446857222901266893e-01 1.280108068497960994e-01
0.000000000000000000e+00 1.039999999999999325e+01 2.695681307491042400e+00 2.697119777201065105e+00 2.694100224683107836e+00 2.698375368608187053e+00 2.692815730462279067e+00 2.699371266205314868e+00 2.691635140024781769e+00 3.451358596361542297e-01 3.473340860040165512e-01 3.428827942796016659e-01 3.493650478701032513e-01 3.407792274707495683e-01 3.517540206389861424e-01 3.390658753030735273e-01 1.334877013680193514e-01 1.368525984564809561e-01 1.305034466726927578e-01 1.401586538366230150e-01 1.275477613259541620e-01 1.440079498670489289e-01 1.246070023959633538e-01
0.000000000000000000e+00 1.049999999999999289e+01 2.683925817569223771e+00 2.685643416677474082e+00 2.682226679191931584e+00 2.687265451565195473e+00 2.680673687126901683e+00 2.688994400049031341e+00 2.679244410769978657e+00 3.516809878971149939e-01 3.541332930425694636e-01 3.492058794910467001e-01 3.563641993596761148e-01 3.467281897837978799e-01 3.589148362074860432e-01 3.447836711277530997e-01 1.439283018769573208e-01 1.479353022276209684e-01 1.396757022682771909e-01 1.518151672173331523e-01 1.359991218431844118e-01 1.549138641732927257e-01 1.333225819540651558e-01
0.000000000000000000e+00 1.059999999999999254e+01 2.678064747017294689e+00 2.680085257772856444e+00 2.676112503022231248e+00 2.682172305180247740e+00 2.674049491899621156e+00 2.684848587639808493e+00 2.672001425100680727e+00 3.560676856250488687e-01 3.590233598791334191e-01 3.532128200090689507e-01 3.615884052849096530e-01 3.503861387949964712e-01 3.640330666097665868e-01 3.467635346944875629e-01 1.466041843968633462e-01 1.510048231263556306e-01 1.425141873110216673e-01 1.552304292898562532e-01 1.390691190262824950e-01 1.594810121619044951e-01 1.367818848537628307e-01
0.000000000000000000e+00 1.069999999999999218e+01 2.673652361106429787e+00 2.676092377199991379e+00 2.671149181376186732e+00 2.678307025651988749e+00 2.668780648871845074e+00 2.679928996041795131e+00 2.666665883577533425e+00 3.592904272506713959e-01 3.627290236838492943e-01 3.558041675669008641e-01 3.662130645607805102e-01 3.527884456701056992e-01 3.701401520482176521e-01 3.494509500203707986e-01 1.600502123200554516e-01 1.647349326949489323e-01 1.553454830621791849e-01 1.703524571557395451e-01 1.507048329625044758e-01 1.745097462913644260e-01 1.455922147999854921e-01
0.000000000000000000e+00 1.079999999999999183e+01 2.669309660011375485e+00 2.672037818328357073e+00 2.666742000636464383e+00 2.674605654356027706e+00 2.663939326726565415e+00 2.677631176285762304e+00 2.662142027598418892e+00 3.613386477337354741e-01 3.649192581796146806e-01 3.577247743489817000e-01 3.686082010584729174e-01 3.545292730947127713e-01 3.719880776879534445e-01 3.513083016913711720e-01 1.646881233573031234e-01 1.694138626750084087e-01 1.595683375421717565e-01 1.743857183343097417e-01 1.555021327660658648e-01 1.798095679053811069e-01 1.523255960797492981e-01
0.000000000000000000e+00 1.089999999999999147e+01 2.661520407361596341e+00 2.664468756127214899e+00 2.658327777795711722e+00 2.667243218281494244e+00 2.655597281606007165e+00 2.670348540353139288e+00 2.652825704004424967e+00 3.658189980103720984e-01 3.701931611334027261e-01 3.619816025158176243e-01 3.742927404117333268e-01 3.582611825393669513e-01 3.780792047883641538e-01 3.540657732830162496e-01 1.686049346743679345e-01 1.751944689005446310e-01 1.617739582421592326e-01 1.809673150231251304e-01 1.557877102260670776e-01 1.853495284397718434e-01 1.518239527707558600e-01
0.000000000000000000e+00 1.099999999999999112e+01 2.648639515055148053e+00 2.652165754426493383e+00 2.645003510541691139e+00 2.655657532616235716e+00 2.641868562793678876e+00 2.659528079373342013e+00 2.638404579349341805e+00 3.757363638551369789e-01 3.804899121690158426e-01 3.710283891022825853e-01 3.852590666548906251e-01 3.663294191343043349e-01 3.883294426693561507e-01 3.610818699441789015e-01 1.767145590946261613e-01 1.845024979234254903e-01 1.692720918821264964e-01 1.908710590526322970e-01 1.629526737723650254e-01 1.962602012811872632e-01 1.550429238331911541e-01
4.898689999999999989e-01 8.999999999999998224e+00 2.684920889790277876e+00 2.685925997016961553e+00 2.683902238170907673e+00 2.686794850733067896e+00 2.682940554102821729e+00 2.687523879587474962e+00 2.682187256458801183e+00 3.602695541504974397e-01 3.625413078226045194e-01 3.581235341518242410e-01 3.647052467577594492e-01 3.564645197723852466e-01 3.667043349822979859e-01 3.536594940423204991e-01 1.456903115859213838e-01 1.479567131809192970e-01 1.435201914187609618e-01 1.502497787354281633e-01 1.411017599898277408e-01 1.525381943604604829e-01 1.384869253322170146e-01
4.898689999999999989e-01 9.199999999999997513e+00 2.685421655604484314e+00 2.686386343452507486e+00 2.684345824837973460e+00 2.687312365094681965e+00 2.683393787726009450e+00 2.688106857619825263e+00 2.682229313476107713e+00 3.604441105999733885e-01 3.627347965677629738e-01 3.582527452434492998e-01 3.647952698603924571e-01 3.563115061874921885e-01 3.676223384587751775e-01 3.545972824667265599e-01 1.444817001567213488e-01 1.468421689846668154e-01 1.421344654872092050e-01 1.491848558483851728e-01 1.397410393954343355e-01 1.521758568627324393e-01 1.369245587385767293e-01
4.898689999999999989e-01 9.399999999999996803e+00 2.685528540741723980e+00 2.686517798044967265e+00 2.684538049077433097e+00 2.687508521270640660e+00 2.683567679389615268e+00 2.688660611027617442e+00 2.682730036236743221e+00 3.596343067834517626e-01 3.618610279084475967e-01 3.573088798139213429e-01 3.641135684490990343e-01 3.553027345722411523e-01 3.665103306281519147e-01 3.530431616826288921e-01 1.436833998285997893e-01 1.460477752790056982e-01 1.414628681373412689e-01 1.482092664787876823e-01 1.393606607617956239e-01 1.506041134574179485e-01 1.374796796328328907e-01
4.898689999999999989e-01 9.499999999999996447e+00 2.684944872706317653e+00 2.686008813088592184e+00 2.683911239372074764e+00 2.686933863616376872e+00 2.682872000917780664e+00 2.687729900408994510e+00 2.681842742630517584e+00 3.600907807045683473e-01 3.624977407513634842e-01 3.579711011666517062e-01 3.645314647293007582e-01 3.557620144273063167e-01 3.665158979741377498e-01 3.534239907775066913e-01 1.444799994957869926e-01 1.468079837545439581e-01 1.420268578130463588e-01 1.495343113724087181e-01 1.399479487357148388e-01 1.519609098433410965e-01 1.383237396190084012e-01
4.898689999999999989e-01 9.699999999999995737e+00 2.683328743133505334e+00 2.684370704296605847e+00 2.682289689562785462e+00 2.685410453909552242e+00 2.681141719088638631e+00 2.686270253075250913e+00 2.679983695001372901e+00 3.607313635312647815e-01 3.630790893879983772e-01 3.584275280482221993e-01 3.652319909128509123e-01 3.565109099538571469e-01 3.673168562124840553e-01 3.543003559276839964e-01 1.453777622679750525e-01 1.477864025840832374e-01 1.429593092536451948e-01 1.505334963087122946e-01 1.405621223824776445e-01 1.528127436534910677e-01 1.376710584527714998e-01
4.898689999999999989e-01 9.899999999999995026e+00 2.682023030290406673e+00 2.683116143584451940e+00 2.680877223458232983e+00 2.684183599963045008e+00 2.679665299233976672e+00 2.685493636675076790e+00 2.678421995327068039e+00 3.606604554034120724e-01 3.629730054232131464e-01 3.584128319284356490e-01 3.653769754307175655e-01 3.560776945446942343e-01 3.679184933817773451e-01 3.534760629645553043e-01 1.445234855114054806e-01 1.472821776368206381e-01 1.416780012809494838e-01 1.499138539048192331e-01 1.386617340121907849e-01 1.516834073083748735e-01 1.352115047043695728e-01
4.898689999999999989e-01 9.999999999999994671e+00 2.680625448206593653e+00 2.681820816632709548e+00 2.679465332249788556e+00 2.682974551220811410e+00 2.678343085812423308e+00 2.684436325625959796e+00 2.677222435876818629e+00 3.612067021535214639e-01 3.637466208366981757e-01 3.587723772219954532e-01 3.661295519330118320e-01 3.560132393914531290e-01 3.684264874417905733e-01 3.537293224862666507e-01 1.447802472209099578e-01 1.474979613792258282e-01 1.421539184003232925e-01 1.501624005492665503e-01 1.396216943488347573e-01 1.529355123317514553e-01 1.364460065299377689e-01
4.898689999999999989e-01 1.009999999999999432e+01 2.679563624843170011e+00 2.680732968068756161e+00 2.678337963349425976e+00 2.681907754101620522e+00 2.677162219190299730e+00 2.682837197996926104e+00 2.676240230321576874e+00 3.616311993277609993e-01 3.641881374667937377e-01 3.591339589349750172e-01 3.666554476478998126e-01 3.569254470333649842e-01 3.695836916805700922e-01 3.541327643400566383e-01 1.458300731293678820e-01 1.486823703494624949e-01 1.429106837619175674e-01 1.513063424047779160e-01 1.399492492002864519e-01 1.547776165342924504e-01 1.384324891539502611e-01
4.898689999999999989e-01 1.019999999999999396e+01 2.678809849806544907e+00 2.680026224758919273e+00 2.677579138596292374e+00 2.681145645661795918e+00 2.676210776190766083e+00 2.682434406054433840e+00 2.675104884845329600e+00 3.624586447497846198e-01 3.650766654782716114e-01 3.598577194983738625e-01 3.676619239640046000e-01 3.575213334567785561e-01 3.701375608091295177e-01 3.546030363842899158e-01 1.473074900151894462e-01 1.500273975775295032e-01 1.443937768333768412e-01 1.528973842854509102e-01 1.417530760995600325e-01 1.558824650778205811e-01 1.385110929471444485e-01
4.898689999999999989e-01 1.029999999999999361e+01 2.678109917600732803e+00 2.679375957452277301e+00 2.676873740844568417e+00 2.680536273527592162e+00 2.675544888896951523e+00 2.681789811360694387e+00 2.674302580289050546e+00 3.634856212619219651e-01 3.659512407734895056e-01 3.608221768449356159e-01 3.683542755437323457e-01 3.585591581104992653e-01 3.712777986399163899e-01 3.559855374390979987e-01 1.484385874413816087e-01 1.514317220863113378e-01 1.455760677640330347e-01 1.545734020997778235e-01 1.425180674024598970e-01 1.579403326886765491e-01 1.402362067196565865e-01
4.898689999999999989e-01 1.039999999999999325e+01 2.677178725433726481e+00 2.678583844140165038e+00 2.675728281109622575e+00 2.679811398302695213e+00 2.674550147228921926e+00 2.681158859364732194e+00 2.673196598145785696e+00 3.640332168180404615e-01 3.668783726062970207e-01 3.613701947258368130e-01 3.694372490298759582e-01 3.587226546604926347e-01 3.721908986750877002e-01 3.557115624405058352e-01 1.464213918133936421e-01 1.496011735923097330e-01 1.432298268205882130e-01 1.524391809402102504e-01 1.396280871135959500e-01 1.576321710872457538e-01 1.339523250710522861e-01
4.898689999999999989e-01 1.049999999999999289e+01 2.664387191660486653e+00 2.666026520686764822e+00 2.662797793153965031e+00 2.667618296328327254e+00 2.661201889246690211e+00 2.668906747628069009e+00 2.659232148345983315e+00 3.726103218131615602e-01 3.757341996094593073e-01 3.693389593059333564e-01 3.787636496769956063e-01 3.659777656882651775e-01 3.812491303547672628e-01 3.626909660901260213e-01 1.545456958831403216e-01 1.586840592722456589e-01 1.507041845403276070e-01 1.625446619569592688e-01 1.468381512241133668e-01 1.658267780101435329e-01 1.424305800064824268e-01
4.898689999999999989e-01 1.059999999999999254e+01 2.655853266885084274e+00 2.657566726296878290e+00 2.653938151613514762e+00 2.659419959914349985e+00 2.652073622960224419e+00 2.660592044741089790e+00 2.650709616809761471e+00 3.807974261774837998e-01 3.842695641658803174e-01 3.773984040568001963e-01 3.876390481888521422e-01 3.740107306034581303e-01 3.901971733489207894e-01 3.712508301443886993e-01 1.601809962407221288e-01 1.655246145340021346e-01 1.549257042635009685e-01 1.700709605280327774e-01 1.503569227709741218e-01 1.737987966019387265e-01 1.449217596558711740e-01
4.898689999999999989e-01 1.069999999999999218e+01 2.647133631740141713e+00 2.649078509078102162e+00 2.645075377124803229e+00 2.651161849936345405e+00 2.642913481050770397e+00 2.653128831194712767e+00 2.641011127167633088e+00 3.877460086766726377e-01 3.913155050014999192e-01 3.838922680303654689e-01 3.949461428704509891e-01 3.798175337355517711e-01 3.983598396150350718e-01 3.758792177770858278e-01 1.637334064497164565e-01 1.686834440457355699e-01 1.587163075342962748e-01 1.742602112819280069e-01 1.545319155198304761e-01 1.791173143343284258e-01 1.511947270696114842e-01
4.898689999999999989e-01 1.079999999999999183e+01 2.636233041513501796e+00 2.638781688581905538e+00 2.634060015454208870e+00 2.641167661078848372e+00 2.631955805190090203e+00 2.644651388520943502e+00 2.629376675744653724e+00 3.960928552998221885e-01 4.004164689256191623e-01 3.916568192426594375e-01 4.046107037803853834e-01 3.870340681146670070e-01 4.085496593590448589e-01 3.833766471096569095e-01 1.698097382085742013e-01 1.763537420200363137e-01 1.629668841813009528e-01 1.812400802109106479e-01 1.553969109883159838e-01 1.863848977092795178e-01 1.518025111426874463e-01
4.898689999999999989e-01 1.089999999999999147e+01 2.626866580896130898e+00 2.629940251873341683e+00 2.623800280029492171e+00 2.632935321684692909e+00 2.620777217380801272e+00 2.636255421428367107e+00 2.618788593096062378e+00 4.038374367722752378e-01 4.094496174566937818e-01 3.985287244097538428e-01 4.144110039206421181e-01 3.936448048422673263e-01 4.184063185102603888e-01 3.893037964004041340e-01 1.773016562865040169e-01 1.846424910840274436e-01 1.696768228244233678e-01 1.915296171867015285e-01 1.623965279049691124e-01 2.008285191185535112e-01 1.566167494508919622e-01
4.898689999999999989e-01 1.099999999999999112e+01 2.618583981105654601e+00 2.621652001079538774e+00 2.615167873844842283e+00 2.624772523863945217e+00 2.612313765895661888e+00 2.627720888312865544e+00 2.609998305485527137e+00 4.095113547072259941e-01 4.148759835543360808e-01 4.037909157080864508e-01 4.199051185412738807e-01 3.984702943182260038e-01 4.246457455411635773e-01 3.918843757524140270e-01 1.810726219143919957e-01 1.896507923470154566e-01 1.730894250573931648e-01 1.977762315392024017e-01 1.654120910851007709e-01 2.038708618065849243e-01 1.593477218949621854e-01
9.872809999999999642e-01 8.999999999999998224e+00 2.673639627413645137e+00 2.674725635871519458e+00 2.672520105143521896e+00 2.675846709941927859e+00 2.671351242139996973e+00 2.676948726074307228e+00 2.670494268758987655e+00 3.711175168597447005e-01 3.741665116448477657e-01 3.680244916315149606e-01 3.774221277505200867e-01 3.652291263826872858e-01 3.804789027233670407e-01 3.619913432111854235e-01 1.393508838683976403e-01 1.419625687795050828e-01 1.368582984390968038e-01 1.442320825940873741e-01 1.344882191537447591e-01 1.464641572846346329e-01 1.320849380731991540e-01
9.872809999999999642e-01 9.199999999999997513e+00 2.674519742598540084e+00 2.675540576309598961e+00 2.673356509306189288e+00 2.676513903838355191e+00 2.672218958205676564e+00 2.677347032825588169e+00 2.671405560377097199e+00 3.715421216666769944e-01 3.744454794007572307e-01 3.682377898725772702e-01 3.776476182613151544e-01 3.651252271505154856e-01 3.814451983617990205e-01 3.620736884423338964e-01 1.387082709022212923e-01 1.412595998584810220e-01 1.362207807339916865e-01 1.438032438818575287e-01 1.336744792475404453e-01 1.459614096349321766e-01 1.318475613789420187e-01
9.872809999999999642e-01 9.399999999999996803e+00 2.674421319306997447e+00 2.675538077111719204e+00 2.673223366804744483e+00 2.676582702182599860e+00 2.672178537813723054e+00 2.677737251764389814e+00 2.670739757463424624e+00 3.709793543943262772e-01 3.743315374606375201e-01 3.679752034302211650e-01 3.770664913887125658e-01 3.649317091632491850e-01 3.800814872322370586e-01 3.617103839476034643e-01 1.392400054376613516e-01 1.418931071415536205e-01 1.364859704148189967e-01 1.446292641633394327e-01 1.340062344197305855e-01 1.478771524871207443e-01 1.308532237912170548e-01
9.872809999999999642e-01 9.499999999999996447e+00 2.673975525877155590e+00 2.675125324618678135e+00 2.672862031153488083e+00 2.676188073821545110e+00 2.671749564682430744e+00 2.677277572830364161e+00 2.670339761675153412e+00 3.718019569858388440e-01 3.748229996248824136e-01 3.687399404200505937e-01 3.777921677334651895e-01 3.654531612711302557e-01 3.813835703359186868e-01 3.609441681639015687e-01 1.389028357821909809e-01 1.415024619357014291e-01 1.364048284792515608e-01 1.441009244774825726e-01 1.339178101135910792e-01 1.459005233988921457e-01 1.318707832433346772e-01
9.872809999999999642e-01 9.699999999999995737e+00 2.672632546214617211e+00 2.673823409890737857e+00 2.671482857540013356e+00 2.674908022719995060e+00 2.670416667455091098e+00 2.675638905436851900e+00 2.668934301183635949e+00 3.730774644115575356e-01 3.761685062337924434e-01 3.697567522166201881e-01 3.793876543733661344e-01 3.665147095266900190e-01 3.823272962067419400e-01 3.631510984232364514e-01 1.383658832109871395e-01 1.414858487033043566e-01 1.354481575440534269e-01 1.444073782121006733e-01 1.327793097737282602e-01 1.492333351921803219e-01 1.290680156260603506e-01
9.872809999999999642e-01 9.899999999999995026e+00 2.670184089858488541e+00 2.671418363166644827e+00 2.668971430255056454e+00 2.672501914280585922e+00 2.667735600989523004e+00 2.673710407892083030e+00 2.666483963794533452e+00 3.742681375519629761e-01 3.776823685140685560e-01 3.709587104152062276e-01 3.807014078082653352e-01 3.675986312280358215e-01 3.840811033469380686e-01 3.642566122016523966e-01 1.382858679213588293e-01 1.414239028722849290e-01 1.353040288781595657e-01 1.445183784682309569e-01 1.323556846695225497e-01 1.477570039673828939e-01 1.287552386137837956e-01
9.872809999999999642e-01 9.999999999999994671e+00 2.669403318529260716e+00 2.670714852913333104e+00 2.668103109371400272e+00 2.671924341728571850e+00 2.666669098506536439e+00 2.673451794272919901e+00 2.665263550848897545e+00 3.751385100622706137e-01 3.784720691920909208e-01 3.716107215309579215e-01 3.817776264480176041e-01 3.681755948121896438e-01 3.853629044078893950e-01 3.650762281699899137e-01 1.387519188048366159e-01 1.421227606720013581e-01 1.357678532828627826e-01 1.454073817076573516e-01 1.328824927926142707e-01 1.481777133670504898e-01 1.303168954377186828e-01
9.872809999999999642e-01 1.009999999999999432e+01 2.668117487639331209e+00 2.669490107970155179e+00 2.666880907116346400e+00 2.670740706087522121e+00 2.665530295400563521e+00 2.671790575036391502e+00 2.664453184811742759e+00 3.762378095629326236e-01 3.795966179190496947e-01 3.727690343050005239e-01 3.834895665448673774e-01 3.694303800203517230e-01 3.871742657886509398e-01 3.665106004122228311e-01 1.417074626777712620e-01 1.450836198620569228e-01 1.382126115138969935e-01 1.483146218792422144e-01 1.348606487314570057e-01 1.516947495569808679e-01 1.321685227184460631e-01
9.872809999999999642e-01 1.019999999999999396e+01 2.666494889697386128e+00 2.667845928033105274e+00 2.665012385614905721e+00 2.669034685547397423e+00 2.663742768416145434e+00 2.670688214500513524e+00 2.662517945623767091e+00 3.773155203785816258e-01 3.809808435465356635e-01 3.736355438246518612e-01 3.843452881855024539e-01 3.696770423649900494e-01 3.877978020572265816e-01 3.664274037254443006e-01 1.430809635472111430e-01 1.467580381106882992e-01 1.396908823819230649e-01 1.504322754233295700e-01 1.362881868857943324e-01 1.537886725419711220e-01 1.327640396708780479e-01
9.872809999999999642e-01 1.029999999999999361e+01 2.664173668065112910e+00 2.665642799662125917e+00 2.662845804057517807e+00 2.667003066471044903e+00 2.661396614329823329e+00 2.668053159142032449e+00 2.659792121376642449e+00 3.800769311426022146e-01 3.836285659364843670e-01 3.766282437333461353e-01 3.870579247261999867e-01 3.727902514068037743e-01 3.907824222492821131e-01 3.683884857591546713e-01 1.453427814529018036e-01 1.491360412319315265e-01 1.416730142055099284e-01 1.530804593622235865e-01 1.385444003786627798e-01 1.576191358139681642e-01 1.348720057718687249e-01
9.872809999999999642e-01 1.039999999999999325e+01 2.662511506074789480e+00 2.663983852984020295e+00 2.661024567856988821e+00 2.665368113632610836e+00 2.659597768217695446e+00 2.666886187180927958e+00 2.658302352101024724e+00 3.827690277481343717e-01 3.866370910774304948e-01 3.788135385281684031e-01 3.905103469661947435e-01 3.754003650801710501e-01 3.941068630385796134e-01 3.713164660569635012e-01 1.433514250854374672e-01 1.475222439682382924e-01 1.389468463941554988e-01 1.513598128081918015e-01 1.338450918960611413e-01 1.548483958841705421e-01 1.283139045747224150e-01
9.872809999999999642e-01 1.049999999999999289e+01 2.649259268930344025e+00 2.650946996613817941e+00 2.647499794174028587e+00 2.652602064439255170e+00 2.645629040101757923e+00 2.654272176828757157e+00 2.644198018085565316e+00 3.900766219286677661e-01 3.944454472631295228e-01 3.856184060150228965e-01 3.984976337134542579e-01 3.817463915570252220e-01 4.019383779218300701e-01 3.770874449905213255e-01 1.516457112050578482e-01 1.564483784937598931e-01 1.470230066602973562e-01 1.612917988419612370e-01 1.423801746423634662e-01 1.662903679756899400e-01 1.388802647683103630e-01
9.872809999999999642e-01 1.059999999999999254e+01 2.637535615734297956e+00 2.639647210359812757e+00 2.635536145891109072e+00 2.641669194130495057e+00 2.633469452543627742e+00 2.644355927515645632e+00 2.631877458063410113e+00 3.980802557613893899e-01 4.027153792288156731e-01 3.932027135506148130e-01 4.082942032935124033e-01 3.881019289793295468e-01 4.143123990517572630e-01 3.851496410939786452e-01 1.611404706602440062e-01 1.667954094345506788e-01 1.559651474628526990e-01 1.731015799642167119e-01 1.479945732926783442e-01 1.776651024283883717e-01 1.335152327198501909e-01
9.872809999999999642e-01 1.069999999999999218e+01 2.631403693890733919e+00 2.633892281538570579e+00 2.629070563333548272e+00 2.635956951602483667e+00 2.626842777260598893e+00 2.638994638995333375e+00 2.624491091637325191e+00 3.998393782225273529e-01 4.053678601603821763e-01 3.942120426935354360e-01 4.107901972947733960e-01 3.885199330288874875e-01 4.176900604557131080e-01 3.815380040382928550e-01 1.643746588273326814e-01 1.707611637083616962e-01 1.578975508953701645e-01 1.766405990590872721e-01 1.508393802641734005e-01 1.822205840188585724e-01 1.464020129733269726e-01
9.872809999999999642e-01 1.079999999999999183e+01 2.621936340462214243e+00 2.624866093755852781e+00 2.619166367482985258e+00 2.627945199136974885e+00 2.616566195374334214e+00 2.630767472434142107e+00 2.614208246315828710e+00 4.082959659521523399e-01 4.148512783565014850e-01 4.017523886599470018e-01 4.214369392709791939e-01 3.958250572932249245e-01 4.287414794970589305e-01 3.905017828199024987e-01 1.667404301320376259e-01 1.747581637600544580e-01 1.568765965216231406e-01 1.821692852436659626e-01 1.460670291951714495e-01 1.898102348207200141e-01 1.402667994086135017e-01
9.872809999999999642e-01 1.089999999999999147e+01 2.609342776952824572e+00 2.612420084707989254e+00 2.606066303906595216e+00 2.615201320186411049e+00 2.603088332098752122e+00 2.618760978846885745e+00 2.600298447443382344e+00 4.194899308778909930e-01 4.269513099075898377e-01 4.127523936449549735e-01 4.335023695434246926e-01 4.056861865131864420e-01 4.387805361090241218e-01 3.999753500040429954e-01 1.743432868386263213e-01 1.816450594992534973e-01 1.670996051441216157e-01 1.888192847837718569e-01 1.574717267768932782e-01 1.950867707203533530e-01 1.494590057203046274e-01
9.872809999999999642e-01 1.099999999999999112e+01 2.602262347578203627e+00 2.605808302577170998e+00 2.598527999210642925e+00 2.609579449121836703e+00 2.594507448563794227e+00 2.614684574600447231e+00 2.591567568129514054e+00 4.225073798454836993e-01 4.300947304901356349e-01 4.141651797814938640e-01 4.367566312741753554e-01 4.062199217385728534e-01 4.449323181117528780e-01 3.999545315233260512e-01 1.711879260255292357e-01 1.832319967962701135e-01 1.582624600042744634e-01 1.955306297682894157e-01 1.361682964898731085e-01 2.110758465388391791e-01 1.150083833138861172e-01
