# Redshift log10(MStarSat_Threshold)[msun] <norm>[dex] norm+ norm- norm++ norm-- norm+++ norm--- <slope> slope+ slope- slope++ slope-- slope+++ slope--- <scatter>[ln] scatter+ scatter- scatter++ scatter-- scatter+++ scatter---
6.634019100000000668e-02 8.500000000000000000e+00 2.689824021631977757e+00 2.690692670251660701e+00 2.688983455226819252e+00 2.691540909769709167e+00 2.688177954942422954e+00 2.692111943075754077e+00 2.687264790245553758e+00 3.561608171599983663e-01 3.583179895901180134e-01 3.539818494133762372e-01 3.604523392456059905e-01 3.517136437295665385e-01 3.628543070554024474e-01 3.498832503151929063e-01 9.723505983395622221e-02 9.935155381166675681e-02 9.510056740625869032e-02 1.012232874336660426e-01 9.281303025661846728e-02 1.032043469572412886e-01 9.068007266333691363e-02
6.634019100000000668e-02 8.699999999999999289e+00 2.689554009920805733e+00 2.690428166955819211e+00 2.688647036048378514e+00 2.691343130302966014e+00 2.687879484184769296e+00 2.692170951307397697e+00 2.687031033284974502e+00 3.559295440293053225e-01 3.582045335921933416e-01 3.535544214623757009e-01 3.605233101794833028e-01 3.513953557319555721e-01 3.626149830771198124e-01 3.490142642406329765e-01 9.802342777557276898e-02 1.000407440502108225e-01 9.571271003359849150e-02 1.019874447074656382e-01 9.355291149688362007e-02 1.040760101272373006e-01 9.165028201073160963e-02
6.634019100000000668e-02 8.899999999999998579e+00 2.689414079270030733e+00 2.690301246000724511e+00 2.688457909611325469e+00 2.691141696442080899e+00 2.687637389206191330e+00 2.692129838030903777e+00 2.686720003105221632e+00 3.557345671855394187e-01 3.578870935976007917e-01 3.534348707486369423e-01 3.600922771949793821e-01 3.512559306031460826e-01 3.618185482692814481e-01 3.492709285984325063e-01 9.830969193121853744e-02 1.002834448527714084e-01 9.615147269704445165e-02 1.022857068965950661e-01 9.414952434615875276e-02 1.046934501075836021e-01 9.232695412477208430e-02
6.634019100000000668e-02 8.999999999999998224e+00 2.689399728584481508e+00 2.690303367055700612e+00 2.688564170090253835e+00 2.691168323921705241e+00 2.687700714345029773e+00 2.692100711129378876e+00 2.687052552714406239e+00 3.550506472083370113e-01 3.573173542410029158e-01 3.527256693616970251e-01 3.596021972571538661e-01 3.506383007605370916e-01 3.617196690425896755e-01 3.484694189249205598e-01 9.822889879010240910e-02 1.003761145201063909e-01 9.613427142504844813e-02 1.022059223911212233e-01 9.419658552740667323e-02 1.059314644312940729e-01 8.963648333237995980e-02
6.634019100000000668e-02 9.199999999999997513e+00 2.689327006390103136e+00 2.690197854974470282e+00 2.688463475263108027e+00 2.691020199403642454e+00 2.687607484849668715e+00 2.691815460620949896e+00 2.687049576333377487e+00 3.554641361896515583e-01 3.577162522234303976e-01 3.530204460823681001e-01 3.597851659347511277e-01 3.511222205281915865e-01 3.613680045830693910e-01 3.490802161275032844e-01 9.771433105701457511e-02 9.989858151626530847e-02 9.539234194313291060e-02 1.017044409482326106e-01 9.294317704400702207e-02 1.035559318268045870e-01 9.018953729864727376e-02
6.634019100000000668e-02 9.399999999999996803e+00 2.688271558097326874e+00 2.689219989512555031e+00 2.687427007069792317e+00 2.690099733746337929e+00 2.686509051426407169e+00 2.691117163234816978e+00 2.685436716760218889e+00 3.546708954996635743e-01 3.569742064674956694e-01 3.524065480651306093e-01 3.592581075506741106e-01 3.497664597963061617e-01 3.610562043624087059e-01 3.468819150258777850e-01 9.738508017735875155e-02 9.975646140870242373e-02 9.518251656179513298e-02 1.018072522739361663e-01 9.284541346214685020e-02 1.039446319415913145e-01 8.987643629697153469e-02
6.634019100000000668e-02 9.499999999999996447e+00 2.687445964482404470e+00 2.688389670105216567e+00 2.686557768350456232e+00 2.689208251377355197e+00 2.685591639570597877e+00 2.690281822302833525e+00 2.684703989123731649e+00 3.540045534827451768e-01 3.564155218385218205e-01 3.516474237225818977e-01 3.589822401067730984e-01 3.494918922764212454e-01 3.608947974847210305e-01 3.474639697051625231e-01 9.754136385720532654e-02 1.002074058787084804e-01 9.489871041654250605e-02 1.025113491556878115e-01 9.295049788917464362e-02 1.043892907336198966e-01 9.129193293341751614e-02
6.634019100000000668e-02 9.699999999999995737e+00 2.685076988399423215e+00 2.686016838055364619e+00 2.684103986736944059e+00 2.686893805385635492e+00 2.683141474944826577e+00 2.687952146071500348e+00 2.682188259132376018e+00 3.526520355563012021e-01 3.550497436030941034e-01 3.503078472241957231e-01 3.573371170214804660e-01 3.479943824374379657e-01 3.590982764117512382e-01 3.455318121864583425e-01 9.924338124716144960e-02 1.015438206191760506e-01 9.669732351413502791e-02 1.036229051271516793e-01 9.406464768141273303e-02 1.054306802368143309e-01 9.195250476202851408e-02
6.634019100000000668e-02 9.899999999999995026e+00 2.682337557247861604e+00 2.683405039027225936e+00 2.681302898655917755e+00 2.684378591538147507e+00 2.680332348022656408e+00 2.685457205772337375e+00 2.679425384025237999e+00 3.515200875081569976e-01 3.543178450558683856e-01 3.489302636964543014e-01 3.569256655091696540e-01 3.463369037046476473e-01 3.588345862488697136e-01 3.442597341051206183e-01 1.025644042436357900e-01 1.049974898717429689e-01 9.981004811790072928e-02 1.079510728108023093e-01 9.641622189891309314e-02 1.097018460627816466e-01 9.389657524115575804e-02
6.634019100000000668e-02 9.999999999999994671e+00 2.681515542107729466e+00 2.682533397207038650e+00 2.680463771586973909e+00 2.683636514464723177e+00 2.679395064613346644e+00 2.684592466017079460e+00 2.678654044953007407e+00 3.518064968992318242e-01 3.546642057108542190e-01 3.491649205831771630e-01 3.573633822954132011e-01 3.466771840510006752e-01 3.599299809008293383e-01 3.436399894990927462e-01 1.028856834722889080e-01 1.058911418531526399e-01 9.923598479215055279e-02 1.082615872478507324e-01 9.488572859243020463e-02 1.114473408462424292e-01 9.200944850574523104e-02
6.634019100000000668e-02 1.009999999999999432e+01 2.680001135425729153e+00 2.681056297748808159e+00 2.678846029611241075e+00 2.682236957371414210e+00 2.677805363874870892e+00 2.683572689098178810e+00 2.676713500493432818e+00 3.521133639714502106e-01 3.547555874360985295e-01 3.492518372474946453e-01 3.570443743673250014e-01 3.462918616860383159e-01 3.595617527206836361e-01 3.415956724683881229e-01 1.042695456286365507e-01 1.073421733018095486e-01 1.011771777249022425e-01 1.108248986373929768e-01 9.794809705004051126e-02 1.134895579044280373e-01 9.473392863917740048e-02
6.634019100000000668e-02 1.019999999999999396e+01 2.679151818087345482e+00 2.680262127288668417e+00 2.678024647447453166e+00 2.681353087785304901e+00 2.676885929833421773e+00 2.682584255339102608e+00 2.675672041718387462e+00 3.523027766093855817e-01 3.552083750958997532e-01 3.494206997344836974e-01 3.578506269576033350e-01 3.468367874740966306e-01 3.601130508170735101e-01 3.446948371873910788e-01 1.071291705021873153e-01 1.112592710939265400e-01 1.040763600388084631e-01 1.150867732443967700e-01 1.009167837394220058e-01 1.181557511520269221e-01 9.557029923949252048e-02
6.634019100000000668e-02 1.029999999999999361e+01 2.678464980459047684e+00 2.679682415149607255e+00 2.677237075708442937e+00 2.680781858863907630e+00 2.676068460770369306e+00 2.681776759399361332e+00 2.674791038137260824e+00 3.525622778832093740e-01 3.553284949760889821e-01 3.492914264114600487e-01 3.580171656471720087e-01 3.463484188659700647e-01 3.611259179286119836e-01 3.435268298880836957e-01 1.074807698444033288e-01 1.107958414221873189e-01 1.041075616305893736e-01 1.141356504434271474e-01 1.014949091291355715e-01 1.171701736913439429e-01 9.763745799510650802e-02
6.634019100000000668e-02 1.039999999999999325e+01 2.675472800516849325e+00 2.676639971578267385e+00 2.674272687604913656e+00 2.677793884768832289e+00 2.672975793980387316e+00 2.679223859054550960e+00 2.671597296960771750e+00 3.508548412435930075e-01 3.541215701119324044e-01 3.475480873016557615e-01 3.573642829388457565e-01 3.445358886155517886e-01 3.600797444157334826e-01 3.414883448237059360e-01 1.099205020021090939e-01 1.134796554215680014e-01 1.064297627967082799e-01 1.167506196062370050e-01 1.018432412482243171e-01 1.200630818417227907e-01 9.820601276022954129e-02
6.634019100000000668e-02 1.049999999999999289e+01 2.670239514667802627e+00 2.671720666436228520e+00 2.668895999018733534e+00 2.673246172635758366e+00 2.667465165688692963e+00 2.674175142338440558e+00 2.665885832175040271e+00 3.526718572314480049e-01 3.564929515041754815e-01 3.491699101730384447e-01 3.602249078815291661e-01 3.458775161537782084e-01 3.631480257940019607e-01 3.428235621475156369e-01 1.092140534026395937e-01 1.141692258656048925e-01 1.046935717318750736e-01 1.190810338368668148e-01 9.983558777018818053e-02 1.226458385225057401e-01 8.925595998687130272e-02
6.634019100000000668e-02 1.059999999999999254e+01 2.665864972144090572e+00 2.667376612554742898e+00 2.664238210930303996e+00 2.668977801004328576e+00 2.662751989738640912e+00 2.670166687664578209e+00 2.661841913952797789e+00 3.565329286596652381e-01 3.604717171644987173e-01 3.525007090480666294e-01 3.642125474476232694e-01 3.488838096148714207e-01 3.680451082509690885e-01 3.461604797149744339e-01 1.098777050011702366e-01 1.152003079593052481e-01 1.004685096893677965e-01 1.210454426901232394e-01 8.368719365838421520e-02 1.276187835164153961e-01 7.601195861457864245e-02
6.634019100000000668e-02 1.069999999999999218e+01 2.660278754437386262e+00 2.662313690715919279e+00 2.658486913467133839e+00 2.664158279104893445e+00 2.656624649273177763e+00 2.666001282053213739e+00 2.655087966905712360e+00 3.613655291274919801e-01 3.662988695677820705e-01 3.567762671196991198e-01 3.707634486708312194e-01 3.519104633110493596e-01 3.749602561894130881e-01 3.474537560529675773e-01 1.230070643901026439e-01 1.301653262973499758e-01 1.153272626063462786e-01 1.363738218912504963e-01 9.694410756726494494e-02 1.435556277013618764e-01 8.237671175534225232e-02
6.634019100000000668e-02 1.079999999999999183e+01 2.656387826958799270e+00 2.658452524555675378e+00 2.654295822798902194e+00 2.660353817988045044e+00 2.652308561325085190e+00 2.662467091160018562e+00 2.649849957117987209e+00 3.656370309512502192e-01 3.704014745693456900e-01 3.608983534803523185e-01 3.752752800094477648e-01 3.565707697374593255e-01 3.796281963930425718e-01 3.510182301836424212e-01 1.134789683865487231e-01 1.215482892176753260e-01 1.008730427187265605e-01 1.301572324192340757e-01 8.054789482349773710e-02 1.361298635325135786e-01 7.637824367654337532e-02
6.634019100000000668e-02 1.089999999999999147e+01 2.651405957329350471e+00 2.653937451466220843e+00 2.648874956052481799e+00 2.656211438136606429e+00 2.646391019948457934e+00 2.657735265706042682e+00 2.644246522599150051e+00 3.723090229625969361e-01 3.786063305427926906e-01 3.663407163102494479e-01 3.847718380747536249e-01 3.605606788206262570e-01 3.896322748935438507e-01 3.551582386968643035e-01 9.281472431906773179e-02 1.164389543847907937e-01 7.675877985917410606e-02 1.328648027402602461e-01 5.465922346424371275e-02 1.413249080327847185e-01 5.242991632144208131e-02
6.634019100000000668e-02 1.099999999999999112e+01 2.644565846045658919e+00 2.646943778588771057e+00 2.641627450273093203e+00 2.649149424119265461e+00 2.638932942199490039e+00 2.651348793492013911e+00 2.635299071508436786e+00 3.751929468419890057e-01 3.808731008548046360e-01 3.695117951277853696e-01 3.878330075925676135e-01 3.635123776937295159e-01 3.974995071486892018e-01 3.564680600809717603e-01 9.636842310263465938e-02 1.195828628002446464e-01 6.758492019123538141e-02 1.391116541492366521e-01 6.163903977200301670e-02 1.480561516206235773e-01 5.903035371496787725e-02
4.701940800000000142e-01 8.500000000000000000e+00 2.691211469493289599e+00 2.692307710934134679e+00 2.690132780534143730e+00 2.693422300716930451e+00 2.689096273889396205e+00 2.694459426971277161e+00 2.687962678761895319e+00 3.570327166423170606e-01 3.600622355518635076e-01 3.538416867601658078e-01 3.628943603670830576e-01 3.509158019506463666e-01 3.668262447991991748e-01 3.480180763749128880e-01 1.134110024188013099e-01 1.160187988383064445e-01 1.109175338851190185e-01 1.181454756631969832e-01 1.086993158107935620e-01 1.200549142610607828e-01 1.068187845813993730e-01
4.701940800000000142e-01 8.699999999999999289e+00 2.691050762116661055e+00 2.692106081141586671e+00 2.689955338319705902e+00 2.693030132757316064e+00 2.688771926224329256e+00 2.694000166034109967e+00 2.687876845800140302e+00 3.568357923611298332e-01 3.601670383654236862e-01 3.538571724235811677e-01 3.633062768638940510e-01 3.507536718271144771e-01 3.671064050541968382e-01 3.478683603052413753e-01 1.140210516904212185e-01 1.166291927010871532e-01 1.115449157761265742e-01 1.188574272064937959e-01 1.091458171787224735e-01 1.223054219287254413e-01 1.067564665527539758e-01
4.701940800000000142e-01 8.899999999999998579e+00 2.690446901449263795e+00 2.691529813173105357e+00 2.689338357444532868e+00 2.692502742615265898e+00 2.688333127229622477e+00 2.693512005773885054e+00 2.687190163448801794e+00 3.566494843079881516e-01 3.597466145265337811e-01 3.535625572246634540e-01 3.628483662955089284e-01 3.506219402457111389e-01 3.657859166019883923e-01 3.470166890773315749e-01 1.143498380047854868e-01 1.168527357654902260e-01 1.119185848362091174e-01 1.192251707217648754e-01 1.097119676283425244e-01 1.217565794320516898e-01 1.070505086945312684e-01
4.701940800000000142e-01 8.999999999999998224e+00 2.690473380043940654e+00 2.691537151359489233e+00 2.689370315905037057e+00 2.692499449466156936e+00 2.688397232849346619e+00 2.693905078403945552e+00 2.687498392436407535e+00 3.561331046121507526e-01 3.591856067863666846e-01 3.530615830120228948e-01 3.621778077448036259e-01 3.497968209623234515e-01 3.659149880323480097e-01 3.476978916304599432e-01 1.134270622902441294e-01 1.160124769778808351e-01 1.110384783608234088e-01 1.184042100783549573e-01 1.082737584194037872e-01 1.211304140133084434e-01 1.058994023515933414e-01
4.701940800000000142e-01 9.199999999999997513e+00 2.689972996587103538e+00 2.691114483890409304e+00 2.688779930026023557e+00 2.692214174120777681e+00 2.687748464149760874e+00 2.693409520924394673e+00 2.686631099275961887e+00 3.559231034259136006e-01 3.594031768337463406e-01 3.525894935297169686e-01 3.624086230502672756e-01 3.490180643413374195e-01 3.657002022367156213e-01 3.459488560505126764e-01 1.147033445447694366e-01 1.172258828087276161e-01 1.119665694849072690e-01 1.194249666993971448e-01 1.090815654869253387e-01 1.220951819278323636e-01 1.066493518749412339e-01
4.701940800000000142e-01 9.399999999999996803e+00 2.688304647045879570e+00 2.689442386360371806e+00 2.687168217680327320e+00 2.690650015481638846e+00 2.686285122520359003e+00 2.692043296471172464e+00 2.685239985258992768e+00 3.561730325928658125e-01 3.593575618502750646e-01 3.524386867655193711e-01 3.626450516453548767e-01 3.492597867045416082e-01 3.657193386536488067e-01 3.464576938016038499e-01 1.158833070780458108e-01 1.186761443661086546e-01 1.131751013849140591e-01 1.214219250424335012e-01 1.103048928222660763e-01 1.246069530203772896e-01 1.073719227342018606e-01
4.701940800000000142e-01 9.499999999999996447e+00 2.687211869380419227e+00 2.688354431727738358e+00 2.686039590984760306e+00 2.689424119421520487e+00 2.684801412575609447e+00 2.690586769866659900e+00 2.683457061813998568e+00 3.563489576011191762e-01 3.598889887628206052e-01 3.527918675690642214e-01 3.631478756944987452e-01 3.496244424125015127e-01 3.663966601807764900e-01 3.470537286386380371e-01 1.175292554336046236e-01 1.204020133458784531e-01 1.146861689838256509e-01 1.228921644536029728e-01 1.118611051331731554e-01 1.250592976287065450e-01 1.095349260843489769e-01
4.701940800000000142e-01 9.699999999999995737e+00 2.684400527563655992e+00 2.685595159848297886e+00 2.683103795991982121e+00 2.686809749409383219e+00 2.681871776489999082e+00 2.688139553239627499e+00 2.680519523253891201e+00 3.566425141021256628e-01 3.603152369265024135e-01 3.530552709047165005e-01 3.642334306696430879e-01 3.494500278102309898e-01 3.670635815572161897e-01 3.465036043191339621e-01 1.194966097968022112e-01 1.224793266042258494e-01 1.166892300444592329e-01 1.258308161106516665e-01 1.136128660322193590e-01 1.282411803803275296e-01 1.106081917927828062e-01
4.701940800000000142e-01 9.899999999999995026e+00 2.681166489469022363e+00 2.682452246663288964e+00 2.679903001326246148e+00 2.683814630037096638e+00 2.678443687565014830e+00 2.684827065407138669e+00 2.677082975302155887e+00 3.573556736104721576e-01 3.611646370670159589e-01 3.535410641888316885e-01 3.648812636435680434e-01 3.500648692050699617e-01 3.678741103265806278e-01 3.474314531130026085e-01 1.236833759535111155e-01 1.271262159715939866e-01 1.203815529177613836e-01 1.303642979929777734e-01 1.164977310813681971e-01 1.337184741100459762e-01 1.112186850297061380e-01
4.701940800000000142e-01 9.999999999999994671e+00 2.680023258874105530e+00 2.681309818431478753e+00 2.678740716097070429e+00 2.682488557130093820e+00 2.677357410169515450e+00 2.683588560197299078e+00 2.675593067910590150e+00 3.581587454351453648e-01 3.622150506978887852e-01 3.543291951024018505e-01 3.659329677203226883e-01 3.507138494890093550e-01 3.691507794246126073e-01 3.452614324443700755e-01 1.242843618364232045e-01 1.278216874576835749e-01 1.208676547067709384e-01 1.315278203768890375e-01 1.178740572275008974e-01 1.353967796854451677e-01 1.147440745986301192e-01
4.701940800000000142e-01 1.009999999999999432e+01 2.678376358243220956e+00 2.679712377163469661e+00 2.677018474576638329e+00 2.680909918486277022e+00 2.675631717798792941e+00 2.682503860216229441e+00 2.674273966035245476e+00 3.570114638029997511e-01 3.609639921766186754e-01 3.527660157138622909e-01 3.648182060558010642e-01 3.490492393488465739e-01 3.676959462277474278e-01 3.450237342418535080e-01 1.249616765922482997e-01 1.286002812829497299e-01 1.216533443770040218e-01 1.318637117620024279e-01 1.186101436522494085e-01 1.362269832249949630e-01 1.162673061345516901e-01
4.701940800000000142e-01 1.019999999999999396e+01 2.676596257371925969e+00 2.677992195261972075e+00 2.675158485896883764e+00 2.679196081951052744e+00 2.673676272517698127e+00 2.680447151313793519e+00 2.672679248490293258e+00 3.581683214288544637e-01 3.622639799965923779e-01 3.539612235123711925e-01 3.664530585581409761e-01 3.503534346135703248e-01 3.708221210303415116e-01 3.472508838903182182e-01 1.278549522542605232e-01 1.317794478123252011e-01 1.240619157110175175e-01 1.352618474387945469e-01 1.207574213168804977e-01 1.389754587319985135e-01 1.175824718758633203e-01
4.701940800000000142e-01 1.029999999999999361e+01 2.675770615201972014e+00 2.677205239735545916e+00 2.674290053130710554e+00 2.678427439064153592e+00 2.672856930237403894e+00 2.679915683166617324e+00 2.671561757115292757e+00 3.589054967409155417e-01 3.631724863620114929e-01 3.550244121640487860e-01 3.676495613007014218e-01 3.510563624424914986e-01 3.724606483448313909e-01 3.478580585015239590e-01 1.271430294011594853e-01 1.313860439480294129e-01 1.230778099265016912e-01 1.347929574884592085e-01 1.197942843353701770e-01 1.381284013196300842e-01 1.166574436821856686e-01
4.701940800000000142e-01 1.039999999999999325e+01 2.673523896802161293e+00 2.675033401099124575e+00 2.672031069064376485e+00 2.676312733660097365e+00 2.670601052842377587e+00 2.677661346049037938e+00 2.668878011627070279e+00 3.584024596180424016e-01 3.626086072731780630e-01 3.540181345404825874e-01 3.667309796114766041e-01 3.500451260425282429e-01 3.725571292632927078e-01 3.457473127701319315e-01 1.264738079210932509e-01 1.302941759202649041e-01 1.220546355505096048e-01 1.341499255266534463e-01 1.180458760839700888e-01 1.393344940865764991e-01 1.126384008220354394e-01
4.701940800000000142e-01 1.049999999999999289e+01 2.667791197404340231e+00 2.669383033701592023e+00 2.666144021058363567e+00 2.670951700824223174e+00 2.664571390838969656e+00 2.672596817683922765e+00 2.662381923844274301e+00 3.578472032974666650e-01 3.627624268580481037e-01 3.533956099963178610e-01 3.675264807315965498e-01 3.486265732597766953e-01 3.733426537361463904e-01 3.439436021827270706e-01 1.257002649368405001e-01 1.315630312610782116e-01 1.207634620383969126e-01 1.373141771433704084e-01 1.151570392290046652e-01 1.403959085162183873e-01 1.120198536683064683e-01
4.701940800000000142e-01 1.059999999999999254e+01 2.660947799023167804e+00 2.662683616339721393e+00 2.658968475133828058e+00 2.664565290557582955e+00 2.657242177765088087e+00 2.666517733593739337e+00 2.655523282660651407e+00 3.601751166502986656e-01 3.654092826435020314e-01 3.547299271298701706e-01 3.712382285321169095e-01 3.498508246098678276e-01 3.763210251299136111e-01 3.458723009683090654e-01 1.302680076353200933e-01 1.372807548510507070e-01 1.242715419529358545e-01 1.423382703484694922e-01 1.191939896851796216e-01 1.478297237970543909e-01 1.078289558077593496e-01
4.701940800000000142e-01 1.069999999999999218e+01 2.655864252537627479e+00 2.658005035977274666e+00 2.653840691792440420e+00 2.659984432455161141e+00 2.651755817044719521e+00 2.661849005530798173e+00 2.649744636491729199e+00 3.624532721765005849e-01 3.678803602014061869e-01 3.565956138615509752e-01 3.734855768333149029e-01 3.510190387904950082e-01 3.782777434003978256e-01 3.447275588954196723e-01 1.259836902531161762e-01 1.334551108892985949e-01 1.163382082054580380e-01 1.416579851400972256e-01 1.025798235945271503e-01 1.470854260186128804e-01 8.873545399666851741e-02
4.701940800000000142e-01 1.079999999999999183e+01 2.648421942251464323e+00 2.650752720888593039e+00 2.645892399876495382e+00 2.653163737421682544e+00 2.643565172157632315e+00 2.655468700211960797e+00 2.640533945452892439e+00 3.624377677206735981e-01 3.692257069846335837e-01 3.559768381318322850e-01 3.758287932258005948e-01 3.494048795738961544e-01 3.825857156177835394e-01 3.429694789696324797e-01 1.369506074415255958e-01 1.474645220139353674e-01 1.258823325307679986e-01 1.549764445687551728e-01 1.155192108061904310e-01 1.593861975469282044e-01 1.099424730174342613e-01
4.701940800000000142e-01 1.089999999999999147e+01 2.640073245736535235e+00 2.642708141396767019e+00 2.637136456541595120e+00 2.645586910071270559e+00 2.634348337743294355e+00 2.648078984844446371e+00 2.632113095855786344e+00 3.677083582516593729e-01 3.751644078846717578e-01 3.601152366511335967e-01 3.818598659947883833e-01 3.527445778924738207e-01 3.892565034298122173e-01 3.445502019766421009e-01 1.407490498748651953e-01 1.576158009141339633e-01 1.280958859640720093e-01 1.713485227400648181e-01 1.107096286794628515e-01 1.786150184520804707e-01 1.004395390265926391e-01
4.701940800000000142e-01 1.099999999999999112e+01 2.632739129164108682e+00 2.636420807761081786e+00 2.628392778121383166e+00 2.639704486140344475e+00 2.624265169928647889e+00 2.642793633915852425e+00 2.620879955050676280e+00 3.665584378251440789e-01 3.751989750887474995e-01 3.585997902337310639e-01 3.842580948390066919e-01 3.501870803467235782e-01 3.942755442002030541e-01 3.439504121316412366e-01 1.312771250231873355e-01 1.653122763059312050e-01 8.913798863332061950e-02 1.882398929793774045e-01 7.813812374031435526e-02 2.038836550914830958e-01 7.107372325849065087e-02
1.043339500000000086e+00 8.500000000000000000e+00 2.692848073455047508e+00 2.694456406333920473e+00 2.691375620342680186e+00 2.696099067437291108e+00 2.690043366732453922e+00 2.697482752060191391e+00 2.688013255077182251e+00 3.613679329629926329e-01 3.673090649136520058e-01 3.554035528407755717e-01 3.730047358342528097e-01 3.494972204612133981e-01 3.824608543146492123e-01 3.450126532410769942e-01 1.210942479760211687e-01 1.247436726875930657e-01 1.173697727984882450e-01 1.287479508243526416e-01 1.144600792237553399e-01 1.322546669868099323e-01 1.108351620767183965e-01
1.043339500000000086e+00 8.699999999999999289e+00 2.692704050727929843e+00 2.694236074772057510e+00 2.691075443594712624e+00 2.695771144295090682e+00 2.689649770017554786e+00 2.697362378526046989e+00 2.687819990631926892e+00 3.603762069678684288e-01 3.667705427155216191e-01 3.542335988360366672e-01 3.722520295185492989e-01 3.486168781348623624e-01 3.790668939047746600e-01 3.430191591063188605e-01 1.217920142357056534e-01 1.254272146390158216e-01 1.180768800767429128e-01 1.294174245874341322e-01 1.148058711866167952e-01 1.326441659244397553e-01 1.103821671218738892e-01
1.043339500000000086e+00 8.899999999999998579e+00 2.692314678771645653e+00 2.693831016010047819e+00 2.690825648530031255e+00 2.695370246115856183e+00 2.689332551892985368e+00 2.696627291795100856e+00 2.687637743085723674e+00 3.614529848432879167e-01 3.674973935232294098e-01 3.554334356243149529e-01 3.733967025143082874e-01 3.495443205467894665e-01 3.790988685570427785e-01 3.438516853901534276e-01 1.214016097957076601e-01 1.251381417303439325e-01 1.176922220936095637e-01 1.288537751990465885e-01 1.140056805004805024e-01 1.319530563280532920e-01 1.107229420267855785e-01
1.043339500000000086e+00 8.999999999999998224e+00 2.691952326058404399e+00 2.693566466788236635e+00 2.690454952036371417e+00 2.694967124879881659e+00 2.689033651509252110e+00 2.696682649858376468e+00 2.687278660292038435e+00 3.612516559086098589e-01 3.674866978091063663e-01 3.548734641996786898e-01 3.725839648202912691e-01 3.489897321177968248e-01 3.781632123278212410e-01 3.438453308632068994e-01 1.205769666189799583e-01 1.241603791546404961e-01 1.166287920457673710e-01 1.277772207532889004e-01 1.123309010959590432e-01 1.309130634212802291e-01 1.086904454139858700e-01
1.043339500000000086e+00 9.199999999999997513e+00 2.691492871224903993e+00 2.693198555822561513e+00 2.689827196570421464e+00 2.694778164398501819e+00 2.688223793648050641e+00 2.696049533201932302e+00 2.686753687095514209e+00 3.599976655114012214e-01 3.664379851197021032e-01 3.535096692129509055e-01 3.722455858580364096e-01 3.468970966345271134e-01 3.784142495058472333e-01 3.406563045420749614e-01 1.197513537751531826e-01 1.239114271662209721e-01 1.158552584134659724e-01 1.278292810513713962e-01 1.120712747376190616e-01 1.308846117116650165e-01 1.088739972160745612e-01
1.043339500000000086e+00 9.399999999999996803e+00 2.690231232509987525e+00 2.691903637227055501e+00 2.688599045738813142e+00 2.693555706117338300e+00 2.686985438894454514e+00 2.694843658434597611e+00 2.685041959964439062e+00 3.623904836388114337e-01 3.686923324294288373e-01 3.560103554037379325e-01 3.753142808302619149e-01 3.493399071425941083e-01 3.815869767845098126e-01 3.433848688389364301e-01 1.216315869988500997e-01 1.258490508148303044e-01 1.171188405054960635e-01 1.298969125551181769e-01 1.134999416255254023e-01 1.342966120292413967e-01 1.102534177292584516e-01
1.043339500000000086e+00 9.499999999999996447e+00 2.688958705521249382e+00 2.690697957232982329e+00 2.687197506594987129e+00 2.692444252217136125e+00 2.685475903247086293e+00 2.693984635392382199e+00 2.683604863058058232e+00 3.635716721427095788e-01 3.701613919945853648e-01 3.575348100462362178e-01 3.765619715669250023e-01 3.505703245582372229e-01 3.824453348702283040e-01 3.450560783590052583e-01 1.249742404236963839e-01 1.294191445544152497e-01 1.209266239785384556e-01 1.335407885972840214e-01 1.163258227149550905e-01 1.378313532231547622e-01 1.111751443753464241e-01
1.043339500000000086e+00 9.699999999999995737e+00 2.685116297747456304e+00 2.686790418642992062e+00 2.683333800468044483e+00 2.688551217682143779e+00 2.681563449689953860e+00 2.690659008796165708e+00 2.679635567009801544e+00 3.654628917655400322e-01 3.722327820065126081e-01 3.585874860286260013e-01 3.783645596727735483e-01 3.518401640027711830e-01 3.849109082040030883e-01 3.460320987004877336e-01 1.274082307659068214e-01 1.318187669998458489e-01 1.231427663922676496e-01 1.361040891738019842e-01 1.192602054791255389e-01 1.404185238229307964e-01 1.145735923694279901e-01
1.043339500000000086e+00 9.899999999999995026e+00 2.680270017431192198e+00 2.682185205288455165e+00 2.678388296188521700e+00 2.684132581750085844e+00 2.676378311745374550e+00 2.685938000292458216e+00 2.674901026746312915e+00 3.655286629437837220e-01 3.724524365253139013e-01 3.584412305462499893e-01 3.795448839046326461e-01 3.508004663450450811e-01 3.867134170019702055e-01 3.419842282188764737e-01 1.334421750882214541e-01 1.383134651320671593e-01 1.282290078707864767e-01 1.438930758860338111e-01 1.222593360036054455e-01 1.479951181341881694e-01 1.141465295251998802e-01
1.043339500000000086e+00 9.999999999999994671e+00 2.678684513221103458e+00 2.680632133253070482e+00 2.676661542331689070e+00 2.682462272625757205e+00 2.674938071898245617e+00 2.685157678735939246e+00 2.672866763433053183e+00 3.659213374716019374e-01 3.737073607179034473e-01 3.586081014191970784e-01 3.803961297864064672e-01 3.512147775384347748e-01 3.877702179077502920e-01 3.453774648928441549e-01 1.317435308203702693e-01 1.378010526078420894e-01 1.254009060076417548e-01 1.436013026650034830e-01 1.200614702746480439e-01 1.493357619449259821e-01 1.167487258254873567e-01
1.043339500000000086e+00 1.009999999999999432e+01 2.677145367955453548e+00 2.679274507020060536e+00 2.675133335598602446e+00 2.681212923146965466e+00 2.673250234489370936e+00 2.682911082889882337e+00 2.671265269334040404e+00 3.664004483255478561e-01 3.742510227800610600e-01 3.583809898262974580e-01 3.814534987187802040e-01 3.510174795831563221e-01 3.892116275823859217e-01 3.444297450160080376e-01 1.331635103388128238e-01 1.391557258823505339e-01 1.264633258085450795e-01 1.442236706473935537e-01 1.201418673215542410e-01 1.483710980908710120e-01 1.151002582321608153e-01
1.043339500000000086e+00 1.019999999999999396e+01 2.675373567643347883e+00 2.677542614423555012e+00 2.673332615225261222e+00 2.679320287298683212e+00 2.671187736259246215e+00 2.681269784101462772e+00 2.669023441081720183e+00 3.657610967943381031e-01 3.734644816281689206e-01 3.581439957284428544e-01 3.812901545990845520e-01 3.498952174860777697e-01 3.905756664579060899e-01 3.445418037544907830e-01 1.328043872996419461e-01 1.380942246778940341e-01 1.270201557234663658e-01 1.431971666613817418e-01 1.215626583224290735e-01 1.495040746209582438e-01 1.175434716332357521e-01
1.043339500000000086e+00 1.029999999999999361e+01 2.672793903748869937e+00 2.674881183555885222e+00 2.670564534103091692e+00 2.676866444445077597e+00 2.668695852932972290e+00 2.679170161914401938e+00 2.666431255966847491e+00 3.653689558984929420e-01 3.731635157087982990e-01 3.567958538496348586e-01 3.815701859902417836e-01 3.497635907274258549e-01 3.881909765835897530e-01 3.418075187502687684e-01 1.345132917866791455e-01 1.414937788218104120e-01 1.280160464116047725e-01 1.489172021051461958e-01 1.210135829865304630e-01 1.556706494398816809e-01 1.147862972936527642e-01
1.043339500000000086e+00 1.039999999999999325e+01 2.671270415229193063e+00 2.673599965245647248e+00 2.669118279733349919e+00 2.675794139330786248e+00 2.666885487309633707e+00 2.677374627142006247e+00 2.665007988897240665e+00 3.639940826478893499e-01 3.729966079050834882e-01 3.558080644834602513e-01 3.816041993521858133e-01 3.474660036796901608e-01 3.903055483027101369e-01 3.403219973771663409e-01 1.375284660089581279e-01 1.439928471863845538e-01 1.305839330332717596e-01 1.500771001023895046e-01 1.244577748748759427e-01 1.574776875891405470e-01 1.182763498115125128e-01
1.043339500000000086e+00 1.049999999999999289e+01 2.667746570108028514e+00 2.670215393807386928e+00 2.665210093833255023e+00 2.672282650161150741e+00 2.663033612084509727e+00 2.674122000499649321e+00 2.661662017173925587e+00 3.661733031487934831e-01 3.749422417370985028e-01 3.569573210329777813e-01 3.837438671455409289e-01 3.486678167788346827e-01 3.950493213837338313e-01 3.396758538593483423e-01 1.371132498275414169e-01 1.445808334418731689e-01 1.284417827030827075e-01 1.511380117438234916e-01 1.225973269860359260e-01 1.573479263821872254e-01 1.190531229906980210e-01
1.043339500000000086e+00 1.059999999999999254e+01 2.660833662271284705e+00 2.663447741731859608e+00 2.658452046222893106e+00 2.666236208377180894e+00 2.655760085399242243e+00 2.668931094977886609e+00 2.653490591350796457e+00 3.696175514183586142e-01 3.791834141981114681e-01 3.603255953559210134e-01 3.891075372609489880e-01 3.508634749551394205e-01 3.983782644673325435e-01 3.435379605263491620e-01 1.456519332737222783e-01 1.530364668751164059e-01 1.374088863620752665e-01 1.604148421335389596e-01 1.287790803077546176e-01 1.672155016681658168e-01 1.218445030329331907e-01
1.043339500000000086e+00 1.069999999999999218e+01 2.655752862392134261e+00 2.658696983623821897e+00 2.653015687378975862e+00 2.661534464869229843e+00 2.650108963060674228e+00 2.664758629343522145e+00 2.648052078402021170e+00 3.672447736575790156e-01 3.780817468265680881e-01 3.571063603647419704e-01 3.881334219295604626e-01 3.468569447014620555e-01 4.006533303133633650e-01 3.357992693075121937e-01 1.339887603388901227e-01 1.462916973806068499e-01 1.222511918823398352e-01 1.548098290587045234e-01 1.113376780277607336e-01 1.627392606914329909e-01 1.031788590035261355e-01
1.043339500000000086e+00 1.079999999999999183e+01 2.647628221970224072e+00 2.650830578235618518e+00 2.644277400640792308e+00 2.653889969708782104e+00 2.641097514470334584e+00 2.655701227175878198e+00 2.637768522698437756e+00 3.795194349788355570e-01 3.913571995078196086e-01 3.674439460450732997e-01 4.026958556582665993e-01 3.553001595165776738e-01 4.147831088744140526e-01 3.458109318164860335e-01 1.416874855514326792e-01 1.526812006473032002e-01 1.292509826190383071e-01 1.694666184943342813e-01 1.170745627716255621e-01 1.813744520883110722e-01 1.090809835560296870e-01
1.043339500000000086e+00 1.089999999999999147e+01 2.637679897350200253e+00 2.641615289166295177e+00 2.633517532721473930e+00 2.645830221402059035e+00 2.629764199448315853e+00 2.648955816283201425e+00 2.626569363429672066e+00 3.822789768232848218e-01 3.953569493145913105e-01 3.675072508745275135e-01 4.099342576964211671e-01 3.541117152918793476e-01 4.225644300318470159e-01 3.417541205556477446e-01 1.502689078004958989e-01 1.683116291721742097e-01 1.249152842961179233e-01 1.874782733620831698e-01 1.073980622360854176e-01 1.952874296309674851e-01 9.678156630167331076e-02
1.043339500000000086e+00 1.099999999999999112e+01 2.634928669089890985e+00 2.640533754571386726e+00 2.629267387838420511e+00 2.645071276553305761e+00 2.624960689337659137e+00 2.647906175216840907e+00 2.620930535705378261e+00 3.856552360996978734e-01 3.997793761702864157e-01 3.722469963377175728e-01 4.149816395688590842e-01 3.554357249743538283e-01 4.351622328271774198e-01 3.389557031801080922e-01 1.495310380417103624e-01 1.734495585932576689e-01 8.216110925416791888e-02 1.888686739881510757e-01 7.146932634945800389e-02 1.993281953658039007e-01 6.524364477799524109e-02
